859
581
112
913
157
688
284
750
19
603
277
742
802
191
793
802
209
715
291
570
170
319
27
595
962
343
855
785
240
5
876
872
715
589
271
480
134
49
89
977
997
519
383
782
449
300
149
904
19
522
500
342
275
346
710
572
779
25
320
146
565
593
787
430
369
430
143
699
285
884
351
77
762
514
780
905
127
665
573
868
161
345
406
270
26
384
965
366
188
876
129
97
115
847
54
47
861
100
967
706
511
236
61
765
4
350
730
17
608
58
19
991
361
480
530
638
618
409
133
580
880
237
42
333
196
907
692
673
202
716
117
943
591
454
325
452
421
874
26
330
627
826
935
627
539
583
740
864
341
938
320
585
467
968
759
194
231
81
815
97
903
566
321
208
716
749
30
326
895
816
408
366
505
283
412
983
482
30
276
122
414
608
170
131
766
24
402
761
297
575
767
343
719
463
321
791
893
550
914
211
126
172
991
333
117
779
811
285
637
860
230
905
39
233
139
949
386
800
813
470
730
181
214
782
25
33
501
473
31
759
117
795
574
297
94
610
312
944
505
115
294
905
614
191
41
291
893
217
745
748
223
402
875
384
716
944
387
276
534
453
737
931
873
611
979
740
806
330
844
659
727
635
365
675
951
343
381
304
863
788
154
956
735
503
269
717
202
644
610
89
118
36
156
968
772
61
944
792
16
590
965
532
61
660
542
153
500
471
116
228
371
492
839
993
998
839
618
193
718
542
688
23
811
86
879
984
570
478
557
300
996
487
89
310
456
951
237
263
915
899
315
615
370
798
225
732
315
469
145
648
203
469
321
177
767
534
216
306
198
42
533
750
152
105
498
918
418
619
691
22
369
840
179
30
870
608
180
372
421
311
849
937
182
416
835
21
53
189
298
341
106
712
191
651
354
751
983
752
316
657
293
201
602
340
730
205
898
29
947
245
647
660
57
425
809
259
755
561
995
598
647
92
866
140
12
505
279
23
537
703
449
90
920
263
170
976
436
206
451
237
998
601
361
928
922
548
267
118
953
634
518
791
990
53
751
716
281
455
308
200
556
381
28
735
52
154
549
268
779
573
663
915
212
932
230
315
241
902
12
816
277
380
557
120
822
408
702
139
522
963
542
746
592
107
606
654
376
652
504
56
903
397
766
191
754
101
559
91
354
235
950
865
586
668
678
314
597
83
947
56
652
118
358
550
158
839
312
459
523
305
825
877
71
131
627
119
196
862
522
544
298
131
223
613
452
61
659
443
146
997
690
258
513
416
493
805
502
638
548
363
125
250
959
147
254
705
416
645
871
420
650
117
53
632
141
573
800
827
577
911
597
852
299
886
931
361
82
734
177
557
839
59
691
218
393
780
915
194
188
797
75
382
513
129
143
38
930
733
794
726
918
867
565
568
31
206
637
137
96
790
207
482
425
496
911
926
703
502
267
879
438
556
252
291
620
344
464
703
761
757
699
953
506
456
489
630
207
577
394
5
684
631
57
306
980
173
744
591
32
210
858
269
808
448
87
412
583
144
941
56
200
639
833
663
486
741
750
682
500
148
744
674
721
558
827
72
515
585
179
335
717
857
705
641
353
656
780
471
740
328
14
955
586
552
782
133
25
925
596
335
883
423
182
194
442
211
575
316
312
828
263
220
383
458
176
499
327
481
811
932
467
800
672
917
773
129
154
99
191
107
420
523
973
232
198
823
845
943
550
763
540
82
448
553
521
60
738
573
814
999
634
45
71
136
524
77
516
295
810
622
7
284
90
848
28
566
387
90
822
549
203
382
758
302
469
6
340
852
77
48
301
497
252
427
558
163
904
971
536
740
429
979
644
127
202
572
150
9
392
903
554
324
540
572
912
847
358
319
98
720
189
561
291
662
723
680
398
343
57
110
684
88
162
926
352
304
964
460
674
347
903
162
712
105
422
355
980
712
680
684
320
52
185
434
840
835
969
627
228
883
49
679
226
972
114
614
694
128
88
327
542
377
559
669
169
198
937
958
747
305
243
893
627
866
638
816
874
328
352
683
527
962
855
597
351
618
347
600
548
803
187
292
256
782
948
752
790
890
761
636
227
22
10
711
48
8
40
904
271
366
372
636
741
499
156
440
623
25
758
85
288
446
482
111
773
705
293
303
572
998
769
619
351
350
9
987
31
540
945
121
760
814
720
654
284
886
435
198
302
687
874
877
85
301
176
890
985
668
419
61
519
186
566
286
801
659
129
293
745
757
720
214
469
16
613
105
793
423
618
160
483
980
125
199
553
181
755
301
135
834
512
117
647
256
881
468
721
278
37
269
240
695
467
95
632
551
983
996
936
355
458
361
174
908
404
48
579
81
730
172
115
898
831
536
742
201
516
804
577
900
877
549
28
597
971
843
497
956
535
519
385
663
908
82
180
178
732
886
976
272
258
420
245
273
900
274
193
933
65
21
12
521
646
454
963
389
784
754
618
939
94
713
328
399
106
545
919
558
553
53
86
233
295
811
157
298
172
517
672
300
611
515
500
440
876
89
722
758
370
151
700
385
885
909
380
122
913
389
484
390
349
749
175
634
167
84
601
610
758
657
619
44
33
261
269
286
23
265
768
374
708
537
966
331
669
194
903
668
560
651
803
955
220
937
135
4
865
530
523
716
897
228
732
792
830
67
162
88
995
943
634
638
933
971
573
729
477
672
284
24
85
290
649
424
513
79
106
628
655
763
733
147
909
743
742
468
12
234
8
355
121
891
184
550
356
345
245
964
975
539
488
998
734
703
987
97
911
796
785
330
933
18
549
147
905
684
3
130
605
802
49
102
447
473
329
861
36
708
481
499
609
807
930
915
418
919
453
63
357
55
736
311
448
44
806
205
130
81
41
337
289
796
237
644
457
736
31
80
108
452
141
181
440
11
667
947
616
453
607
551
46
572
738
924
682
664
942
235
511
180
473
905
578
384
451
842
774
885
783
524
979
53
404
770
190
100
601
481
328
148
838
457
47
144
450
347
392
687
747
201
449
548
333
363
755
636
530
143
976
324
638
263
88
409
828
722
813
503
629
132
239
713
708
100
867
463
283
896
831
441
479
31
736
989
810
273
545
238
116
744
957
806
120
279
962
586
799
667
448
239
129
695
753
669
942
650
442
374
929
917
863
75
721
305
101
911
405
809
43
992
441
815
133
805
902
190
946
764
398
230
899
629
561
271
584
599
14
113
989
9
926
466
519
710
928
806
422
511
209
945
824
794
778
131
501
703
191
950
780
107
353
182
222
191
475
518
574
373
751
165
118
637
42
233
39
663
920
168
453
78
185
442
677
430
501
636
225
201
285
241
286
59
207
914
909
743
982
253
806
823
964
654
533
486
172
240
306
95
361
869
87
528
604
48
161
372
297
316
996
403
811
978
452
912
813
893
596
465
296
672
923
64
545
45
159
683
740
445
544
851
224
54
956
685
27
708
471
499
173
409
816
847
282
274
828
305
65
777
908
107
105
750
62
304
609
99
339
293
30
673
826
818
296
480
939
271
23
685
751
951
827
855
549
539
174
319
857
987
697
784
849
11
439
225
234
286
610
168
710
447
266
452
625
302
990
864
911
354
345
185
499
44
118
914
953
747
408
213
259
487
952
892
231
291
503
902
38
960
588
673
250
644
721
509
572
294
224
206
885
439
507
401
861
105
510
318
858
910
326
615
832
964
125
186
528
299
260
809
205
150
33
361
310
849
434
772
475
98
315
814
215
532
759
670
996
514
847
664
89
724
238
387
446
262
711
348
192
270
295
928
165
949
553
906
618
899
524
135
955
575
227
127
829
71
202
108
74
106
509
479
356
358
539
400
257
826
140
621
922
224
431
733
47
154
696
83
47
207
335
315
709
142
789
274
129
733
412
920
299
794
283
612
923
597
52
689
8
354
735
276
263
960
281
328
993
195
781
638
758
948
389
281
796
466
558
424
621
153
973
927
210
440
557
251
638
995
828
277
166
301
520
798
529
18
72
883
737
457
585
888
943
529
190
578
506
752
305
570
264
87
975
107
469
633
742
393
655
65
424
381
316
371
601
178
189
545
866
675
965
50
813
440
115
44
756
759
195
225
155
281
875
160
960
60
617
572
155
127
155
44
198
467
383
34
360
984
328
459
955
652
264
497
783
238
305
956
763
185
896
271
471
851
315
621
616
979
835
900
247
948
855
312
290
942
77
727
816
295
373
826
35
452
989
380
189
875
496
534
209
313
822
349
390
162
520
809
419
416
758
193
248
289
464
895
685
951
550
886
662
883
862
929
255
344
206
239
206
167
442
844
858
308
382
421
942
475
120
139
874
327
456
589
902
249
449
514
585
843
653
607
348
335
312
587
804
921
570
719
918
347
841
921
886
754
992
703
341
268
591
18
873
90
782
173
288
49
842
143
126
248
331
38
72
370
554
934
497
646
372
184
952
851
683
980
317
767
509
889
117
214
484
15
84
396
945
684
931
329
585
454
51
878
345
34
798
573
900
476
407
370
707
428
504
149
654
509
278
718
726
139
63
751
124
203
834
625
855
88
111
95
