815
273
740
778
94
927
892
138
706
206
68
54
43
173
981
569
301
906
807
409
533
516
529
859
452
12
495
98
420
236
71
19
94
791
544
91
910
557
711
97
597
112
331
935
557
114
326
590
904
325
770
601
262
737
278
665
683
901
358
598
24
375
793
755
139
58
80
331
340
970
994
2
933
385
655
400
832
100
103
978
679
967
268
152
832
83
278
663
961
109
589
495
500
378
280
716
60
382
487
556
150
63
420
660
47
226
741
440
495
140
100
756
156
879
984
415
637
564
377
693
466
784
196
456
913
724
619
815
259
299
992
163
578
589
347
145
188
954
854
406
269
448
581
986
36
41
752
368
496
306
851
456
745
428
197
19
675
774
99
307
676
504
640
614
945
755
436
462
685
103
893
211
850
212
352
450
561
658
923
365
229
651
70
746
835
885
666
262
401
848
531
163
644
263
900
960
69
371
598
875
15
958
709
498
455
584
674
178
228
940
748
801
518
930
717
274
884
997
787
350
558
896
477
507
378
92
537
546
111
800
222
64
652
722
161
959
136
221
43
444
632
107
830
885
593
927
34
689
360
94
225
222
250
801
998
768
134
873
423
463
404
316
3
686
705
970
61
525
745
305
282
974
673
12
949
970
414
117
585
213
521
222
592
488
712
331
76
669
779
318
975
642
997
206
361
193
719
316
104
811
576
201
772
810
166
48
105
257
779
867
62
768
778
662
159
564
405
357
961
508
22
388
679
677
315
152
6
399
310
578
941
148
998
206
918
242
541
627
220
134
33
317
55
409
876
211
330
361
803
998
160
352
837
877
430
808
385
749
577
319
458
914
678
280
89
178
175
260
747
700
33
768
129
156
615
874
549
514
63
523
283
720
672
740
373
936
967
191
431
409
336
9
330
452
251
33
917
458
481
560
825
5
56
139
22
112
8
817
684
302
344
363
896
380
378
60
448
420
342
678
109
174
7
567
347
882
857
62
405
78
742
966
149
510
761
691
380
18
975
896
730
881
462
461
942
55
341
358
722
944
445
572
861
980
772
800
919
716
577
254
571
152
894
508
571
467
607
142
513
129
410
930
416
711
490
528
38
486
487
376
302
849
219
834
343
314
99
385
817
375
953
207
596
653
966
833
957
106
235
412
521
232
509
417
56
24
982
644
235
935
466
102
922
771
768
306
345
402
351
891
739
595
187
455
689
513
843
522
822
43
339
243
151
887
529
692
870
600
678
598
114
411
772
778
911
763
6
560
670
46
912
329
54
778
495
440
707
935
355
54
218
237
462
184
879
737
15
198
101
440
569
310
345
796
426
76
885
680
66
703
244
412
986
467
588
197
877
480
260
437
657
599
62
143
746
68
873
538
581
478
761
640
383
316
701
210
58
246
718
726
375
597
72
666
660
667
253
420
350
615
774
447
879
949
853
16
547
806
404
48
407
595
337
428
13
514
125
268
324
518
176
630
852
810
362
133
563
908
350
410
30
265
652
524
720
803
403
557
190
388
8
398
433
47
960
835
19
819
615
683
807
774
809
474
658
505
15
267
411
290
353
278
604
756
370
645
191
891
754
536
274
555
191
126
93
841
962
652
778
262
532
955
381
655
293
571
773
59
274
888
909
368
564
114
91
658
190
973
82
828
44
428
649
496
335
449
191
108
769
599
667
980
858
67
855
798
153
690
138
714
996
90
361
915
957
164
46
211
45
345
198
544
366
315
236
225
76
524
915
190
196
259
390
694
963
855
485
334
27
587
541
974
419
488
835
215
761
830
394
887
967
634
852
544
27
599
498
542
110
988
850
862
331
539
118
12
257
115
250
775
926
343
314
881
703
918
595
187
417
503
356
913
196
283
713
832
203
955
425
900
991
609
744
649
302
172
897
813
870
426
372
946
730
249
319
630
479
121
843
307
844
803
570
134
25
765
719
376
300
791
234
515
747
302
264
408
646
641
641
902
963
297
305
520
611
13
796
217
305
511
688
933
429
395
317
167
927
225
358
58
988
354
728
24
521
787
835
839
651
176
196
332
13
990
222
520
124
163
497
685
464
183
366
950
334
150
83
537
854
791
447
595
992
561
319
651
943
988
193
396
341
498
719
649
710
769
892
618
830
781
861
814
824
267
88
27
780
505
840
640
939
907
631
873
798
726
989
836
902
739
34
191
768
561
321
811
112
252
881
155
544
94
628
836
5
676
705
266
23
747
316
869
746
563
722
405
718
196
838
438
130
25
386
926
269
630
39
890
74
303
397
850
567
738
8
405
792
883
889
780
6
598
384
144
277
671
308
754
624
804
754
811
769
339
779
408
354
327
418
922
585
551
614
128
445
428
535
574
615
244
634
429
41
5
806
549
740
374
401
30
435
3
510
486
565
804
564
170
575
618
580
61
840
915
56
834
660
221
261
777
489
403
975
645
101
634
692
291
694
694
182
84
927
797
40
305
614
263
625
421
945
684
313
421
651
652
895
123
96
351
461
551
319
964
251
215
20
101
418
826
505
504
712
580
984
733
256
663
423
698
270
735
529
709
348
43
389
772
292
255
566
231
844
352
904
44
241
646
898
180
762
189
443
373
45
879
457
443
367
32
386
338
610
209
625
454
51
558
517
375
411
789
903
148
125
840
437
600
930
696
27
311
229
632
420
347
896
457
425
722
225
494
400
820
701
587
47
935
276
157
861
20
844
883
919
191
462
709
305
671
953
794
548
165
578
586
345
920
586
164
534
650
442
112
322
221
702
300
771
250
309
906
267
854
383
436
878
603
209
607
211
784
458
800
8
103
536
661
319
613
364
250
6
44
347
627
105
299
76
987
581
911
304
193
569
263
685
494
575
286
178
365
538
556
193
406
212
962
183
138
700
815
750
582
760
397
258
985
857
948
960
589
850
262
630
180
821
31
45
786
676
543
742
770
728
432
127
267
814
900
93
72
567
949
545
120
705
934
881
760
609
352
153
407
279
902
939
741
140
786
597
298
138
823
903
188
420
708
235
116
90
505
617
986
817
338
187
915
117
563
831
35
715
850
217
336
55
947
625
810
183
993
518
139
357
954
8
446
626
561
744
985
315
665
213
635
980
658
252
441
144
717
389
133
431
648
458
988
677
515
451
468
157
904
762
194
763
15
271
403
598
246
675
951
906
558
428
291
442
527
932
891
677
911
611
823
311
16
493
343
157
432
563
394
400
873
889
98
853
769
250
152
26
782
782
545
966
615
779
508
860
674
893
710
471
450
868
582
116
685
584
218
545
331
875
41
120
404
752
31
996
663
791
175
892
853
254
422
934
235
568
578
964
487
932
671
368
410
32
229
732
804
877
157
215
445
270
312
767
343
906
411
789
652
175
869
955
436
748
128
613
17
29
722
189
259
500
292
579
326
673
66
480
846
151
17
51
274
287
33
448
550
720
672
98
530
726
289
498
261
752
935
495
318
722
880
307
721
384
355
260
871
535
799
799
581
83
650
780
107
575
945
973
243
294
375
889
964
460
368
456
374
556
372
492
17
227
146
76
52
748
298
411
54
262
236
871
143
598
943
233
158
516
584
830
788
812
879
219
911
323
317
125
968
472
463
266
370
289
307
713
637
885
951
380
494
391
217
473
798
564
106
962
270
614
868
775
489
344
44
928
588
800
396
852
687
176
743
994
212
516
437
277
311
670
970
937
568
31
691
658
13
743
379
565
179
249
948
325
510
823
346
89
241
322
677
224
81
653
974
659
906
253
436
964
760
994
878
360
574
9
675
583
355
79
87
663
809
561
70
95
655
264
54
675
4
352
382
943
121
156
313
493
769
710
219
39
903
121
300
649
733
159
466
347
210
479
656
847
511
152
447
813
409
514
268
939
789
70
900
122
961
859
424
615
300
507
586
341
997
893
988
746
359
317
926
596
477
918
487
477
530
55
630
70
92
106
242
944
762
530
630
971
104
883
852
180
972
465
967
737
610
807
85
815
252
218
604
61
773
505
622
711
748
233
682
841
447
64
106
358
157
866
802
458
290
529
821
200
301
2
291
727
934
470
939
430
165
565
944
925
602
91
869
550
419
674
737
967
772
975
84
453
989
4
848
198
894
978
843
458
598
219
263
85
736
744
677
67
183
477
135
621
736
721
921
43
391
229
210
479
68
396
584
435
156
86
843
213
374
948
879
241
102
624
727
86
278
562
50
505
681
701
607
170
122
73
647
897
160
749
272
26
867
433
589
880
449
258
147
832
720
955
952
102
644
901
829
190
774
604
411
728
378
422
910
417
679
390
231
126
835
201
631
114
541
364
896
688
822
259
910
130
2
66
863
957
571
703
424
613
229
872
78
182
500
862
291
413
445
532
781
575
723
305
577
835
577
605
195
546
719
256
378
986
747
497
745
162
262
489
870
899
467
396
116
700
186
935
156
710
12
866
475
476
29
200
675
91
946
273
720
64
157
981
790
304
527
960
669
468
215
328
365
852
914
932
233
780
260
450
389
358
351
86
801
557
394
302
997
705
545
613
18
474
778
516
918
562
321
420
401
290
876
203
849
230
914
127
938
380
340
915
99
105
412
641
229
130
74
380
348
578
838
982
656
289
730
168
681
832
505
640
9
401
737
805
700
258
354
694
680
473
783
946
456
72
933
825
770
147
114
109
273
507
621
54
463
927
556
204
600
439
237
83
449
249
207
155
14
428
520
517
720
176
780
794
628
43
622
130
891
411
356
47
334
574
707
902
479
675
428
960
416
439
873
343
319
203
739
150
342
530
743
947
598
633
884
161
923
219
685
658
361
742
370
484
660
370
451
887
896
766
215
21
579
842
427
938
846
30
26
422
99
465
716
181
629
935
220
803
262
841
925
427
545
489
870
595
646
710
64
167
220
360
238
775
373
694
397
673
62
626
350
281
301
197
427
896
301
227
392
238
99
137
406
479
939
473
38
376
703
216
619
460
355
302
203
486
950
560
401
362
704
546
769
317
596
743
285
419
931
672
438
619
344
475
980
455
29
81
469
953
218
805
155
80
687
302
583
330
378
907
805
203
557
432
977
755
651
129
779
491
235
401
203
720
444
245
307
302
118
192
18
696
264
557
712
408
690
342
748
843
241
866
665
327
827
920
692
519
512
46
602
941
992
134
84
866
608
440
423
873
449
242
422
274
221
328
568
172
900
406
819
855
174
58
931
151
817
851
444
596
929
261
635
270
95
431
217
566
17
846
448
505
712
870
320
65
847
482
90
329
252
502
617
85
388
991
219
971
261
723
712
812
753
14
215
59
719
410
794
664
28
765
258
634
690
396
352
954
903
635
92
551
35
376
654
403
387
614
204
646
353
932
796
434
304
3
690
314
707
304
85
901
113
814
221
633
182
702
405
567
854
641
637
868
175
346
581
551
655
624
253
909
835
477
163
307
286
124
660
160
595
28
865
301
924
602
830
71
695
205
760
738
743
964
376
75
777
144
447
820
175
116
198
258
35
573
955
509
29
116
579
986
778
456
578
324
717
960
228
11
666
872
890
164
495
90
73
848
610
686
610
838
205
949
277
376
464
62
614
234
25
577
946
293
518
485
49
219
961
236
307
760
335
388
652
702
506
340
84
202
685
593
915
393
921
275
366
202
194
518
106
153
334
780
771
791
582
64
432
230
412
972
915
813
727
496
593
892
597
462
751
796
785
376
731
931
536
734
403
821
23
609
580
836
592
589
392
430
797
113
143
30
937
917
318
642
650
184
251
528
100
295
309
890
69
222
944
80
521
499
980
921
621
16
934
403
190
468
488
373
440
716
269
455
511
445
205
99
904
866
807
191
108
357
368
824
846
152
980
798
745
848
421
55
795
681
982
604
790
199
24
699
93
751
635
855
329
929
356
537
80
372
357
556
160
791
643
592
524
56
509
514
48
941
316
608
691
755
952
745
172
159
515
627
204
415
232
985
784
462
487
148
810
10
945
293
498
977
67
842
558
48
361
666
796
375
886
412
949
328
400
531
670
207
829
791
282
566
386
815
769
497
803
564
686
899
312
360
780
372
987
323
705
581
431
982
708
47
178
12
307
124
835
963
663
222
408
496
652
852
997
118
382
277
535
48
992
488
813
290
94
671
182
621
889
535
663
286
557
883
76
147
267
752
20
157
85
945
974
420
671
735
753
177
17
869
341
248
513
233
166
140
278
524
605
498
445
923
453
469
511
722
234
784
181
130
324
508
294
94
431
774
937
682
940
397
505
695
920
340
788
967
103
898
223
788
288
760
141
657
41
215
601
630
764
77
137
629
478
205
973
130
139
131
363
747
812
127
747
14
795
354
483
504
183
795
940
502
145
387
339
209
831
95
2
535
48
563
146
226
407
966
351
349
949
523
677
895
82
500
865
103
394
566
723
289
821
577
8
592
147
956
946
68
471
352
557
521
182
941
478
314
679
589
730
449
958
945
636
55
344
431
656
291
490
796
187
624
474
213
761
507
219
69
349
903
836
115
79
907
366
888
787
20
769
881
772
47
710
313
467
882
397
402
41
38
375
17
135
364
568
437
61
602
322
181
242
94
998
312
795
169
749
221
177
348
484
567
772
406
163
183
204
431
677
964
177
184
693
87
432
464
835
3
374
192
182
637
613
268
55
475
955
507
211
425
179
559
618
681
854
83
884
646
153
824
318
267
318
399
274
543
682
308
76
723
272
309
533
812
8
436
1
119
884
299
564
317
86
719
415
797
974
351
386
135
150
313
777
542
127
730
17
263
280
268
718
798
71
15
101
260
687
276
576
567
122
583
197
979
566
162
196
742
780
774
57
242
492
763
644
406
812
49
666
382
427
662
164
447
336
640
320
368
160
633
428
666
26
142
343
586
923
136
508
279
716
192
563
926
106
926
678
751
602
304
915
587
240
740
121
708
380
453
842
594
485
61
525
595
542
238
237
405
960
746
743
229
428
794
259
256
844
659
673
41
405
515
289
189
424
87
578
109
702
458
979
359
1
495
416
298
765
142
250
910
82
711
632
434
743
609
359
183
432
310
284
298
180
635
906
802
484
378
667
932
967
916
454
642
369
853
438
413
707
42
774
827
836
788
250
293
95
189
714
462
475
466
779
50
340
705
500
877
428
589
511
363
684
643
865
748
369
179
741
982
804
338
680
671
19
991
119
265
872
619
140
225
624
776
701
482
771
484
769
829
788
406
43
360
612
797
60
595
260
988
633
393
580
306
80
387
934
27
305
216
644
195
860
607
294
63
729
144
98
143
534
705
678
369
144
43
454
383
883
125
583
499
180
458
583
536
100
898
494
981
233
800
378
16
918
948
72
539
472
325
270
84
38
715
794
983
487
779
904
788
708
225
341
690
546
958
759
577
521
177
865
726
915
366
894
372
551
213
877
46
952
47
847
621
141
274
990
166
33
536
359
229
170
437
439
996
82
163
751
388
986
651
868
462
784
330
395
104
641
133
27
97
518
103
698
582
34
630
504
327
194
97
118
160
117
769
891
90
438
456
60
777
453
373
967
124
50
560
434
470
279
299
876
409
638
103
232
743
584
870
131
285
835
462
326
562
303
903
245
892
727
378
989
17
75
497
106
988
554
901
155
28
22
318
611
259
145
969
481
997
34
624
592
300
496
43
213
193
431
481
985
957
93
224
775
410
460
630
860
196
740
678
886
42
405
717
166
217
918
577
689
866
774
263
156
576
769
628
708
987
310
31
631
858
442
606
2
36
166
439
949
453
834
113
916
495
552
925
297
54
198
981
335
972
495
406
696
626
299
118
174
681
503
372
177
907
223
84
542
708
562
926
606
647
24
483
431
122
664
491
213
785
226
964
43
819
658
707
165
394
109
730
784
750
382
894
197
589
65
910
364
458
887
772
632
10
834
225
122
905
608
951
753
287
506
95
321
197
876
205
246
807
844
564
235
39
280
810
360
844
302
107
640
790
421
179
854
797
985
548
568
788
781
19
722
460
423
831
973
455
312
248
171
734
5
653
138
905
233
28
458
937
916
734
987
517
458
466
733
272
117
786
512
237
687
827
204
91
895
492
225
509
50
244
529
313
382
612
452
560
213
335
994
428
662
283
904
693
532
400
775
364
743
222
745
475
147
876
497
291
764
913
134
680
176
518
338
900
424
184
990
822
133
905
228
28
319
208
281
955
338
330
992
678
963
627
87
415
409
733
202
358
910
910
246
702
464
214
626
424
665
959
163
313
209
197
143
777
976
496
563
555
337
493
820
79
7
163
831
652
362
103
565
433
752
384
202
442
731
14
598
930
963
313
357
986
416
277
480
665
228
659
125
748
24
448
770
362
280
522
830
717
344
285
176
972
174
120
12
203
292
926
938
201
320
329
334
62
316
783
625
557
965
806
351
596
754
248
913
752
762
207
189
933
406
780
59
568
896
596
65
240
653
643
5
694
250
659
858
395
143
800
986
536
486
890
973
488
432
881
679
348
73
387
337
458
673
888
432
590
233
492
276
873
955
726
941
858
259
481
647
920
665
885
973
209
656
786
677
92
51
904
673
112
288
961
143
584
531
353
988
610
855
363
516
304
138
820
94
31
881
988
429
470
304
361
836
759
429
573
419
495
294
914
452
578
274
877
374
207
573
802
489
239
508
825
642
614
825
371
880
923
629
341
806
950
587
468
253
949
902
334
404
251
675
558
239
780
9
480
449
607
552
704
411
204
303
466
901
478
557
756
844
676
623
398
654
108
79
606
11
157
666
321
649
449
707
286
117
16
859
908
607
252
955
136
358
782
722
174
952
747
295
441
379
500
666
736
858
319
484
818
620
892
382
839
500
852
703
100
100
808
839
535
754
688
18
739
584
413
88
440
507
503
35
69
818
198
922
440
803
87
660
130
563
873
392
926
667
533
151
350
353
864
617
62
110
67
817
155
709
339
73
979
57
626
276
972
490
474
797
694
110
100
929
479
881
787
815
612
169
795
941
961
638
906
320
39
241
721
393
645
242
86
424
483
109
804
760
103
362
783
450
705
730
510
270
643
521
243
46
967
589
955
128
181
143
571
859
143
535
651
314
259
974
219
677
53
573
361
714
303
283
520
988
354
505
400
749
930
991
32
302
767
874
660
900
39
72
359
942
198
632
661
195
638
945
997
677
187
435
825
619
388
666
541
774
346
847
735
5
843
69
545
622
795
107
306
772
434
647
526
823
552
173
964
671
34
353
205
359
465
806
315
251
568
744
365
76
142
276
260
252
183
837
770
147
440
353
444
387
682
720
293
366
754
61
89
618
848
934
192
148
467
266
751
714
302
186
885
92
951
331
24
798
207
226
491
879
536
768
511
781
598
797
941
960
375
872
318
924
854
816
668
835
54
322
42
587
923
774
756
180
321
56
155
131
932
794
628
27
142
214
515
905
200
596
962
350
794
749
801
193
590
476
323
542
348
792
144
381
490
945
917
325
290
46
571
562
287
92
449
264
219
474
544
505
155
750
664
789
38
550
835
308
700
173
334
146
312
305
549
419
67
878
863
24
437
212
968
20
73
846
871
844
48
768
801
471
882
885
415
702
914
99
505
501
557
616
705
52
926
655
639
204
130
600
190
375
444
36
16
140
4
463
246
669
48
305
478
76
951
106
50
987
618
259
226
301
667
93
337
931
986
558
377
667
436
625
352
957
613
215
6
108
297
893
929
596
758
516
479
473
296
60
465
557
860
13
121
662
833
32
730
294
636
646
533
529
504
935
339
496
622
11
725
658
383
866
68
664
728
199
90
752
400
390
298
696
338
844
107
44
348
273
123
510
750
881
448
37
54
60
32
942
197
411
814
387
728
180
307
428
385
388
687
856
341
92
381
816
682
82
861
951
877
346
359
683
334
22
856
941
889
682
915
807
480
715
268
643
684
559
38
323
412
828
338
922
777
689
768
343
85
963
531
806
266
658
50
304
156
759
547
444
292
461
20
768
103
961
687
913
920
952
259
931
900
816
193
483
101
445
896
354
191
456
929
999
125
822
626
297
86
68
34
714
955
900
967
724
99
411
877
46
326
149
310
890
589
948
704
892
230
200
690
178
930
765
517
898
6
423
973
713
271
587
20
993
993
975
832
371
613
249
222
471
537
317
916
977
696
541
595
376
352
693
42
646
13
503
84
254
611
678
898
355
447
507
969
154
727
185
233
30
232
977
107
582
398
827
728
203
295
839
602
853
279
823
129
863
93
18
849
222
911
139
628
942
530
874
50
139
491
819
45
428
323
566
25
152
505
145
939
318
497
25
875
516
348
864
604
504
620
514
805
141
439
313
559
986
5
674
861
284
513
145
938
716
817
354
592
350
640
51
715
401
786
72
132
12
228
584
482
878
513
77
381
31
737
214
118
542
261
139
83
271
797
700
519
898
451
881
747
250
427
337
394
618
465
765
891
426
702
559
189
435
831
19
530
639
463
681
16
345
336
179
78
584
956
89
433
75
78
639
309
268
606
985
773
140
917
989
59
225
917
164
118
360
226
514
833
222
910
73
449
977
515
828
203
499
869
449
37
6
494
397
242
907
49
438
859
968
689
198
294
327
882
789
493
789
779
107
190
774
414
288
854
59
527
513
651
934
655
728
109
106
570
697
662
661
392
633
343
972
354
80
815
263
528
692
270
455
992
966
23
276
17
970
713
970
453
952
458
940
723
499
495
569
257
395
3
736
180
249
884
554
303
4
137
593
690
932
831
471
425
546
789
395
758
301
694
75
957
679
74
847
445
735
657
763
820
403
361
639
535
795
254
270
628
565
43
373
557
517
884
138
795
463
124
230
645
506
161
981
411
426
873
29
908
599
120
484
113
373
674
71
342
453
244
662
629
95
558
495
491
810
465
771
750
369
156
251
303
793
686
909
656
742
837
651
80
518
170
176
215
828
66
676
464
265
418
320
788
906
136
147
416
564
150
757
754
957
55
678
456
422
896
261
635
985
45
340
416
910
118
521
841
13
841
582
972
486
8
337
958
532
211
622
714
977
340
916
982
164
523
126
84
800
577
965
425
369
933
649
859
875
219
543
480
408
472
942
994
303
272
304
763
137
296
314
285
407
803
722
150
582
511
646
892
737
705
58
393
550
351
489
575
369
756
705
531
650
711
295
692
827
259
243
829
643
424
115
690
401
673
452
586
595
711
830
412
388
585
202
686
171
575
850
462
485
373
284
863
680
377
268
920
319
964
386
748
790
748
179
223
787
245
677
894
858
719
599
297
702
501
728
674
189
487
455
752
770
216
544
130
681
808
815
921
72
935
823
749
857
740
985
207
244
39
555
540
265
691
587
993
544
256
427
11
624
642
588
4
781
802
965
392
642
167
833
679
400
396
965
490
534
724
294
275
751
536
706
810
142
275
15
283
549
181
12
911
251
513
852
506
265
295
482
752
368
841
144
568
201
371
674
104
410
36
10
573
113
278
319
414
652
236
823
964
116
710
501
886
304
438
542
753
779
577
405
619
789
589
163
917
11
422
919
69
925
341
834
225
559
110
75
541
725
997
858
147
603
484
405
841
802
537
643
697
287
114
62
609
382
861
880
632
131
407
622
939
622
393
495
846
814
248
491
84
835
999
255
90
869
706
878
144
416
681
619
728
871
471
219
809
746
140
280
255
563
245
10
613
813
251
89
499
435
865
987
703
437
652
274
893
276
793
21
149
347
588
904
985
117
231
500
166
782
620
817
169
808
103
253
403
705
651
650
302
200
41
1
287
350
579
315
266
781
648
826
991
259
740
974
8
713
504
66
764
265
196
939
848
153
53
147
214
307
523
791
319
927
792
592
50
640
320
803
325
980
315
99
896
471
436
651
330
745
493
30
612
544
609
651
508
895
623
835
311
231
559
924
793
689
825
944
324
817
897
246
661
97
846
568
794
725
473
922
532
932
247
771
12
380
358
68
408
799
593
451
679
234
407
271
200
824
335
456
72
78
562
718
167
356
589
784
775
266
839
956
158
170
544
226
429
98
982
737
562
401
702
734
372
590
282
581
653
773
943
393
735
210
427
632
959
294
940
271
495
755
965
90
624
184
829
729
208
81
818
988
871
713
427
913
187
29
717
130
487
977
904
989
840
333
719
515
265
100
998
270
378
119
136
730
693
712
261
721
847
306
119
201
980
162
749
747
406
858
759
4
692
46
636
623
735
5
367
882
715
175
832
40
50
791
162
241
986
479
931
991
896
531
763
533
24
716
173
904
245
80
584
829
798
690
118
946
53
308
866
132
601
58
836
777
170
919
499
704
886
614
756
888
615
767
363
727
689
969
326
107
989
515
891
433
500
51
655
816
847
121
28
290
230
489
495
210
432
700
850
532
587
548
989
328
625
624
375
903
914
515
630
170
239
423
312
878
739
782
948
655
756
367
233
472
569
456
588
306
522
751
894
136
384
455
890
712
751
510
835
740
906
763
472
276
828
189
489
655
350
240
692
949
860
868
469
138
541
285
731
525
506
866
234
501
575
462
701
777
235
158
83
574
304
415
155
244
329
525
555
235
522
84
532
950
983
878
236
110
409
103
650
293
162
499
220
882
167
918
924
803
170
202
738
920
359
945
79
485
318
393
866
332
899
454
214
913
185
730
81
149
954
588
965
327
489
361
34
591
330
77
213
317
258
49
689
75
691
345
317
439
499
837
225
409
881
59
27
505
325
787
264
539
460
83
560
1
892
468
761
870
795
742
688
486
191
294
184
277
119
925
720
561
309
471
297
495
700
836
476
943
969
312
54
85
574
17
749
860
765
519
220
196
757
633
309
532
773
650
920
368
376
473
128
995
341
197
667
58
118
506
287
435
353
53
901
638
802
660
101
242
590
631
450
214
720
626
588
376
172
413
892
589
346
864
963
590
263
904
215
727
19
153
57
620
65
862
407
924
5
190
596
651
728
2
482
843
408
742
590
824
962
452
118
6
429
356
809
854
451
190
595
87
217
840
100
628
257
852
234
123
114
491
972
587
11
674
6
809
254
662
294
723
854
585
991
189
286
505
421
919
769
598
888
648
424
191
399
711
503
698
216
126
425
672
451
255
844
805
596
358
927
269
945
129
336
844
497
262
160
413
56
972
213
392
79
283
356
605
264
4
334
975
479
37
964
59
907
511
164
411
668
832
386
664
77
563
753
395
42
654
596
738
177
514
382
351
680
297
813
15
845
452
769
362
835
962
779
321
69
638
454
644
401
550
183
530
773
190
820
654
81
580
309
414
364
116
470
493
973
490
577
284
25
943
457
777
725
600
655
497
285
627
937
258
843
611
563
803
446
694
327
235
655
160
758
107
137
55
868
889
120
129
239
113
106
585
525
451
915
747
631
662
858
560
135
589
747
307
210
979
866
153
247
605
417
172
861
312
650
395
209
247
764
692
221
818
229
345
498
176
556
11
928
96
877
435
192
691
497
819
398
839
578
765
220
846
214
913
458
942
494
138
756
399
538
312
143
627
533
350
858
23
360
928
399
727
882
142
972
260
274
557
366
212
312
108
552
349
773
672
66
806
368
389
364
667
623
652
466
587
229
921
48
718
557
752
26
437
261
894
977
204
475
49
745
983
501
61
223
305
247
129
715
108
175
210
882
829
266
797
366
124
26
608
132
426
945
91
368
614
506
94
706
759
469
230
938
759
25
757
972
700
876
4
926
819
63
908
366
824
245
419
627
928
374
542
181
725
660
577
523
589
673
883
31
396
930
459
150
762
296
942
832
862
702
829
998
958
219
908
783
423
946
2
513
848
704
511
472
183
419
131
368
510
167
2
960
494
647
920
110
439
825
860
219
669
314
774
956
904
115
217
579
26
315
869
141
215
943
934
679
353
353
277
884
827
993
776
809
264
161
237
792
354
751
501
606
702
849
639
591
70
59
814
393
490
518
722
168
910
926
734
402
610
240
46
231
227
315
526
462
904
555
742
120
832
660
28
498
188
29
246
343
689
970
668
927
924
756
821
356
717
776
108
216
66
187
249
340
159
163
6
292
854
18
356
611
993
89
954
90
900
123
860
21
282
293
603
576
598
531
688
986
496
566
787
532
146
67
888
398
21
530
926
537
16
843
494
242
149
224
186
933
866
695
508
358
329
927
552
905
274
882
522
811
52
186
264
14
738
803
711
500
503
578
159
27
583
467
831
990
154
992
187
32
271
478
350
3
729
712
634
674
624
538
945
100
898
854
108
647
203
598
405
259
949
614
412
545
519
309
983
756
358
112
772
76
451
265
555
66
968
843
799
993
160
314
948
216
449
525
66
382
845
142
541
882
488
509
61
923
333
381
882
370
11
645
91
666
49
37
858
634
485
520
510
374
99
729
680
385
932
748
919
130
960
253
365
480
125
597
8
779
304
811
199
676
460
977
123
796
238
96
177
899
915
30
976
663
246
187
542
227
701
103
276
245
316
205
848
987
779
234
813
188
963
715
720
853
364
902
621
658
197
815
105
61
793
930
807
790
981
787
997
183
870
762
531
499
452
132
268
431
963
206
535
934
54
188
826
139
514
939
870
791
260
599
398
760
572
870
793
835
744
440
51
853
959
15
925
793
127
247
873
567
533
423
547
575
178
273
274
86
481
731
75
157
83
104
763
335
372
707
268
968
817
397
517
230
725
814
74
474
686
912
451
4
228
326
864
333
323
365
34
285
823
920
151
431
611
443
39
945
971
326
538
680
941
860
277
170
442
341
925
857
932
444
928
554
50
679
590
43
509
641
323
250
661
549
511
799
813
435
668
382
230
813
900
258
870
723
662
867
968
885
784
866
891
353
422
808
467
448
808
87
396
507
299
803
896
864
852
151
509
386
621
764
419
959
508
63
446
174
841
955
749
342
978
258
800
139
70
996
60
712
547
207
251
351
336
115
862
474
699
968
933
511
489
352
311
478
279
172
703
315
576
696
386
263
786
861
951
504
430
914
385
248
560
677
249
339
529
324
457
358
186
192
123
681
850
795
492
163
293
668
246
562
5
523
953
757
229
641
522
997
763
355
686
677
632
363
791
438
603
910
73
359
323
108
598
667
257
207
631
947
12
593
108
259
931
815
132
121
45
835
322
805
705
908
216
97
185
985
497
913
80
689
843
954
600
106
389
702
808
227
427
946
432
857
485
491
363
826
572
972
888
966
942
388
969
867
969
488
899
798
833
447
788
964
145
755
522
854
625
987
896
25
933
157
463
831
859
587
167
13
273
657
644
198
341
384
43
800
173
361
409
914
25
954
972
690
208
278
816
293
428
49
280
307
388
417
297
892
709
264
832
960
779
228
740
773
809
121
121
508
651
419
8
591
29
729
598
927
872
667
869
637
527
544
141
704
280
333
865
346
428
286
172
937
437
368
71
435
790
44
339
152
571
940
955
765
513
395
447
258
674
58
69
528
237
562
452
290
886
245
10
134
822
931
221
302
213
363
83
965
204
415
885
812
313
540
302
363
631
244
359
687
199
136
521
16
863
808
691
898
645
793
794
821
89
321
126
731
653
933
748
895
366
128
711
237
712
19
618
167
490
404
77
619
997
866
450
60
236
157
633
792
21
544
64
17
200
603
301
92
910
83
642
456
573
836
674
348
706
258
186
814
431
765
18
55
599
687
614
181
338
224
664
771
447
352
358
905
901
867
654
30
343
747
916
498
441
580
252
467
744
945
589
408
840
59
113
614
716
394
791
366
682
610
41
689
235
241
189
387
637
193
912
383
167
568
435
396
216
333
568
467
355
360
825
775
414
866
136
487
322
547
167
521
678
252
403
487
109
298
922
532
814
57
324
900
261
70
356
71
342
195
377
782
19
264
132
456
930
443
872
16
797
570
594
422
771
34
155
927
916
211
590
288
178
936
869
416
463
219
685
8
939
944
441
923
998
397
445
621
998
661
318
467
791
