20
478
384
91
702
868
396
419
703
844
498
459
983
53
65
408
162
315
697
678
763
996
627
725
435
285
457
266
919
310
37
637
786
68
845
408
932
60
799
19
971
62
432
268
776
690
146
533
530
282
535
495
565
4
737
202
421
275
365
480
307
637
132
885
31
606
44
412
235
625
459
905
972
298
286
338
550
914
460
65
3
53
407
624
453
64
880
882
641
537
673
606
339
271
166
57
135
500
952
324
568
150
355
314
793
660
30
54
346
739
505
566
911
492
93
926
8
155
872
88
217
480
975
839
614
474
438
365
250
979
230
551
425
880
313
405
73
407
284
660
829
770
801
609
584
24
816
817
152
504
289
584
907
110
707
983
685
461
89
619
338
939
362
843
831
756
155
293
7
843
630
739
290
59
976
488
537
494
504
193
696
31
95
607
726
94
454
973
672
838
605
83
89
129
871
716
687
609
870
842
711
84
628
143
831
76
484
532
659
541
731
769
131
485
442
851
780
971
420
140
847
851
455
918
632
477
96
662
525
522
48
607
300
127
293
667
227
474
969
435
110
771
968
903
527
692
806
403
994
111
537
287
817
211
649
355
968
304
744
532
280
566
762
986
856
996
652
372
392
575
118
132
743
221
605
440
296
728
566
611
607
604
749
468
954
936
545
443
279
633
488
6
501
703
393
536
324
243
156
940
726
678
46
189
600
772
323
661
468
736
50
855
363
763
421
344
309
554
115
512
36
536
794
8
652
999
630
66
222
445
914
538
331
683
815
61
676
454
191
614
261
101
894
25
682
940
146
197
68
411
210
518
478
462
450
417
718
760
696
3
696
570
104
557
890
995
627
483
4
53
647
949
304
900
398
152
675
648
624
284
813
446
135
432
480
166
209
647
282
28
862
79
979
509
154
589
277
714
205
471
581
708
169
706
848
725
241
394
18
185
213
190
82
29
199
627
369
806
998
321
335
162
194
914
600
132
551
839
582
183
731
257
855
154
574
199
265
300
972
233
446
814
538
666
921
770
907
620
502
559
600
886
697
752
880
865
771
715
683
333
792
931
491
384
28
72
568
874
156
226
859
316
650
466
528
883
130
631
168
720
99
125
911
285
859
644
706
785
660
529
819
34
705
330
967
939
611
634
159
468
144
479
952
851
310
958
443
76
718
781
357
734
801
404
935
960
271
548
998
336
161
500
282
428
283
11
676
572
719
153
433
170
591
998
561
768
895
917
946
598
892
932
716
628
324
57
827
437
285
838
560
701
477
257
261
397
67
644
723
442
663
697
348
432
19
142
165
636
629
380
162
767
350
36
898
420
697
379
809
345
571
24
153
87
599
359
469
66
47
723
115
387
133
345
236
257
52
940
430
659
137
78
29
72
403
861
984
675
794
390
238
487
145
39
601
7
494
90
771
33
680
751
745
116
122
925
324
564
273
204
224
500
929
166
511
407
653
196
880
909
955
593
140
134
857
815
774
799
560
527
484
119
250
731
914
987
20
73
453
637
550
111
179
124
703
65
72
416
228
194
157
59
320
168
228
68
106
206
927
966
115
591
744
521
272
728
908
705
769
607
260
98
580
400
272
385
639
11
572
805
152
236
401
373
231
465
801
99
130
107
434
87
625
479
949
281
290
540
727
40
924
200
579
483
783
268
834
514
443
614
797
885
474
982
854
590
281
360
22
827
929
776
899
968
96
774
718
112
258
259
714
939
804
367
916
415
372
866
967
569
295
743
784
891
174
190
150
220
4
371
575
792
763
926
176
29
303
268
869
164
384
233
90
961
504
474
950
353
629
47
552
374
432
132
428
557
6
951
363
184
181
121
879
500
182
998
580
788
5
685
684
832
627
236
996
353
918
670
714
15
701
833
183
152
19
842
702
448
929
542
37
476
408
798
659
60
352
876
727
18
453
239
674
366
90
688
126
8
977
314
266
330
724
719
627
991
772
104
624
392
426
680
62
253
445
812
110
799
778
298
69
865
591
321
807
817
997
412
197
853
396
476
645
967
288
474
874
400
638
74
633
799
802
675
15
176
68
296
176
688
291
693
301
962
476
431
334
166
290
125
799
478
763
495
146
597
713
483
544
931
91
620
840
906
201
842
5
781
919
137
363
829
250
269
141
961
276
760
140
643
167
842
498
207
628
896
474
881
23
999
802
775
704
162
398
57
994
217
140
324
838
420
704
220
629
972
949
469
619
221
117
533
484
691
714
440
483
93
475
864
602
31
183
788
947
264
907
757
285
916
661
460
443
576
574
261
809
790
148
843
31
448
95
51
135
128
675
758
3
78
983
761
707
511
940
430
987
222
554
534
884
769
184
337
951
358
568
981
526
603
952
404
156
836
697
398
414
311
501
599
208
445
476
604
638
787
610
474
315
9
221
873
803
511
980
507
512
893
320
751
95
684
381
34
28
611
79
332
462
304
660
973
188
593
822
222
806
289
701
238
58
188
407
554
202
352
942
653
280
705
979
791
493
544
854
741
392
51
972
272
35
333
817
758
904
929
111
793
515
353
990
571
176
176
580
384
444
628
361
876
958
73
585
866
664
32
840
286
74
70
557
637
541
499
744
372
417
131
397
789
25
734
603
310
369
61
60
503
865
751
565
695
709
68
350
909
379
89
601
813
441
518
841
887
577
356
328
232
140
302
820
483
786
929
693
785
323
328
900
23
917
176
893
797
203
807
982
328
62
579
730
254
432
591
61
693
973
361
136
39
40
231
374
590
979
730
844
198
797
288
830
93
922
447
698
96
154
793
740
426
348
843
780
696
33
272
948
468
866
451
962
794
286
757
775
656
89
359
1
53
213
604
713
732
498
180
100
318
794
609
601
920
700
493
503
264
950
71
772
786
561
678
909
628
593
369
616
852
933
333
513
125
161
502
635
430
339
134
426
293
361
309
840
931
436
12
660
173
51
364
746
446
181
2
846
694
313
854
86
979
523
739
373
22
267
781
796
608
435
777
805
812
227
263
802
3
779
996
169
555
457
592
908
649
843
261
916
777
773
538
469
175
167
600
506
590
159
499
624
694
123
599
228
8
557
302
723
836
786
696
379
852
480
828
540
8
62
874
892
284
186
202
776
561
899
727
929
538
447
561
398
213
912
809
245
569
596
643
787
655
730
311
39
80
621
323
50
93
169
923
689
741
309
50
89
226
326
201
134
879
19
58
167
669
718
178
781
235
673
309
907
547
918
534
886
992
491
674
326
200
922
381
607
559
705
643
37
353
650
994
63
232
795
263
732
586
731
803
826
378
871
756
431
886
763
715
445
697
808
12
554
926
759
540
810
109
976
728
751
749
823
469
299
289
132
134
40
123
735
405
400
762
174
313
223
475
172
24
854
853
156
967
384
366
648
916
251
401
384
578
807
905
123
658
556
979
820
610
441
525
558
314
942
704
902
199
431
534
627
505
443
104
973
325
129
565
695
266
690
935
328
736
962
736
910
566
267
849
284
707
529
554
966
742
811
314
346
424
436
657
244
15
256
937
126
922
858
467
105
881
779
95
89
80
942
513
389
475
152
84
46
301
735
518
912
56
535
485
970
153
626
354
628
366
154
73
101
277
184
529
93
909
438
458
503
878
160
87
697
247
330
859
466
645
226
441
563
133
980
6
175
676
321
913
604
114
954
170
191
672
88
256
353
312
474
848
302
46
211
951
738
252
501
715
22
893
933
636
155
232
763
725
834
128
388
192
160
79
714
569
881
58
696
798
497
756
975
858
997
444
213
575
923
266
318
678
590
271
75
221
973
948
410
30
358
983
708
388
195
106
798
647
392
573
438
803
864
461
918
899
469
863
691
145
921
835
704
530
523
935
867
203
878
968
189
526
538
755
593
391
344
757
415
804
51
124
465
776
878
163
460
383
750
169
793
143
826
85
861
907
571
17
904
113
69
580
708
180
517
538
669
571
936
446
250
418
281
784
333
180
617
254
995
308
13
777
976
265
408
434
987
415
688
382
169
48
202
260
395
763
371
858
318
964
654
210
208
357
899
75
556
20
590
881
183
465
650
821
478
617
515
596
671
139
505
438
844
795
975
823
306
952
596
191
384
13
605
770
477
637
436
37
429
14
642
358
323
745
546
980
693
781
334
428
723
575
96
546
891
392
569
922
680
529
482
301
606
688
401
298
768
20
521
383
121
579
133
307
594
157
266
836
940
874
754
95
310
914
188
756
350
566
454
492
134
472
543
465
73
227
519
636
336
530
448
25
916
232
110
68
653
940
199
570
315
326
633
37
13
519
358
52
22
807
410
476
310
828
653
474
621
827
133
323
48
2
592
266
899
131
597
480
304
865
99
31
599
695
573
244
769
228
711
288
383
489
716
670
76
815
626
59
76
16
391
768
104
534
205
786
198
519
393
115
977
627
582
584
784
480
465
174
740
71
434
59
238
389
678
461
44
232
159
1
282
560
875
237
493
153
113
176
182
846
518
189
151
764
317
683
566
63
678
559
13
367
160
777
776
420
125
503
841
126
600
108
866
681
262
603
47
585
162
68
600
814
789
66
905
818
548
393
42
504
278
445
6
305
709
230
350
996
375
128
913
838
991
961
200
984
815
310
395
116
10
781
862
208
865
132
545
144
133
142
33
600
161
849
975
183
949
752
198
635
393
198
482
178
280
316
734
807
783
479
653
627
805
81
195
38
357
858
495
941
146
636
429
5
175
202
879
528
379
458
297
499
370
606
316
44
36
460
79
720
322
823
965
51
811
979
481
816
193
826
879
396
233
844
988
321
287
12
8
536
226
950
890
367
266
643
138
784
734
234
931
941
647
590
254
169
627
276
495
202
482
666
689
481
818
838
214
24
383
31
494
99
994
586
661
310
998
370
923
574
795
806
424
35
228
843
191
94
502
693
46
625
933
154
55
718
333
932
717
445
21
805
177
438
29
376
224
980
711
151
66
640
171
759
270
745
447
644
675
732
717
156
245
575
69
592
637
935
948
315
24
278
994
135
46
552
782
647
378
925
688
357
516
554
461
41
58
627
298
555
416
302
938
395
656
653
611
764
505
960
259
168
965
682
119
98
665
898
290
455
43
806
603
410
897
249
288
368
615
32
437
559
60
229
417
248
66
979
197
39
137
250
949
207
886
279
18
691
94
65
997
809
786
487
665
430
574
624
20
995
111
395
486
16
964
64
430
609
972
863
127
824
251
308
941
598
886
743
225
970
736
99
696
69
923
536
876
28
890
883
230
514
346
785
269
830
531
818
813
988
336
32
650
155
535
219
139
394
601
400
356
908
168
936
269
230
589
135
636
97
318
649
396
920
410
551
900
762
227
430
379
478
810
264
753
129
637
968
343
650
278
775
684
374
456
505
324
608
181
559
396
404
442
689
14
361
731
20
37
996
560
693
24
694
608
212
47
859
200
528
698
562
585
853
542
441
818
216
856
179
167
730
973
320
113
82
355
426
65
581
338
778
279
87
84
464
979
495
734
163
707
429
371
327
585
304
594
690
867
859
864
871
33
860
367
17
335
526
332
686
999
933
936
958
591
814
192
376
54
90
628
713
492
357
268
169
100
1
720
894
50
567
853
380
490
385
499
415
570
561
581
188
779
836
544
566
821
579
744
657
127
26
153
131
76
306
38
692
261
299
673
142
77
951
684
136
151
451
686
291
256
932
877
846
703
886
930
716
337
906
252
78
88
449
249
8
461
895
248
856
665
477
845
263
432
252
48
783
332
357
675
709
847
988
251
997
916
323
388
532
932
795
877
846
978
703
280
791
914
952
467
665
343
901
247
956
246
391
754
87
826
248
784
919
85
489
527
596
345
632
169
704
332
800
220
797
438
92
735
151
62
500
246
858
154
241
706
624
569
722
587
162
247
681
581
172
340
369
712
503
485
199
787
96
907
417
155
343
297
503
706
452
126
196
421
234
778
318
682
213
92
381
983
383
139
464
711
112
32
943
564
723
47
731
289
200
735
58
725
159
65
588
326
913
950
231
9
92
165
766
766
246
414
463
882
763
197
359
517
602
546
344
638
251
618
821
709
660
433
427
672
581
294
599
911
611
956
549
696
322
864
801
994
675
2
648
496
282
636
881
562
913
700
220
608
81
941
812
107
516
852
712
259
824
619
284
466
159
260
643
787
664
314
236
679
364
878
250
146
263
940
336
714
864
792
175
461
644
584
745
911
398
129
286
670
793
406
523
412
900
348
500
631
542
430
907
497
204
33
16
620
810
840
305
121
651
802
173
932
572
958
586
196
395
624
749
852
788
877
761
867
951
145
953
858
948
63
794
826
7
113
73
768
655
806
619
288
509
286
657
872
946
219
335
977
996
8
223
652
950
478
348
460
342
364
13
886
559
261
669
707
840
642
390
605
811
702
427
170
68
599
875
688
317
349
365
50
728
700
494
918
472
407
298
334
882
445
967
605
153
265
440
438
32
678
949
92
141
294
530
93
155
10
260
382
262
260
152
161
780
42
94
690
564
454
392
668
515
523
701
814
331
407
803
297
704
962
656
397
59
589
850
64
835
203
778
954
977
377
619
289
811
165
152
95
202
892
276
302
289
668
112
952
592
752
65
280
794
222
821
433
726
846
384
120
341
20
409
549
491
912
838
491
223
580
467
783
510
410
238
449
982
59
492
871
384
355
299
330
259
679
286
960
755
552
311
759
121
67
649
57
612
414
487
360
793
515
924
758
611
536
518
19
729
297
621
370
892
463
794
858
194
354
530
384
176
501
538
328
105
204
506
597
346
433
46
385
502
37
553
317
418
553
737
145
929
797
108
12
896
447
943
758
469
974
999
568
231
761
177
64
670
840
897
481
651
393
34
596
371
411
756
329
590
373
199
115
698
498
494
461
996
30
772
405
331
804
804
22
878
174
595
303
98
16
986
993
768
356
283
983
229
226
425
46
236
373
768
310
63
958
4
785
625
544
690
457
281
716
999
269
448
764
685
620
29
732
168
402
456
554
568
709
47
814
145
9
307
150
392
184
694
435
602
435
153
322
395
350
864
547
139
475
470
816
64
989
14
520
758
877
702
458
231
668
219
170
229
783
55
305
32
660
227
777
240
982
546
511
63
772
419
945
170
609
357
196
979
873
575
708
841
280
224
836
878
700
837
967
66
961
706
54
309
321
603
59
699
708
2
364
340
900
758
750
503
196
208
777
302
663
828
472
907
255
121
474
378
376
193
82
135
801
789
639
662
449
595
734
930
268
358
389
651
323
596
648
798
11
872
603
840
643
944
246
805
169
495
494
217
160
169
326
242
934
833
536
158
385
487
910
84
842
719
926
863
617
189
590
988
272
116
400
279
19
551
88
408
989
985
893
718
797
559
813
323
824
818
586
24
820
788
441
855
87
726
764
821
220
971
268
352
622
98
352
651
666
36
810
724
199
562
504
866
514
270
191
376
447
101
604
564
89
83
73
749
826
825
863
433
348
33
207
146
298
115
46
36
602
638
2
134
429
134
166
519
886
32
594
212
484
427
149
663
983
836
610
993
626
713
425
994
865
394
866
678
395
4
711
693
144
104
197
888
953
498
521
688
801
795
773
419
989
796
191
789
472
17
87
469
989
375
535
377
582
61
163
717
532
839
530
739
541
911
365
131
483
776
842
52
933
387
628
526
907
872
726
170
791
335
410
130
472
444
600
666
608
274
403
492
739
580
124
687
34
797
411
109
96
608
777
855
856
875
110
270
729
125
264
80
293
650
540
384
932
803
650
34
742
804
716
872
395
461
607
958
137
200
571
108
97
307
441
286
296
167
407
242
228
798
213
854
336
235
359
707
624
163
388
705
818
327
704
442
907
560
665
631
22
475
948
665
322
16
670
938
746
220
236
715
261
916
855
398
315
355
666
357
709
729
805
105
430
876
35
619
710
926
576
789
446
547
740
112
320
867
333
512
961
460
522
734
262
13
260
151
318
970
704
274
382
970
914
210
34
665
789
431
852
621
361
139
305
518
400
912
806
810
851
378
731
384
898
584
971
663
456
26
637
481
97
303
906
523
396
392
232
246
826
718
296
564
108
808
259
285
922
59
951
407
870
232
896
115
835
934
113
496
536
901
490
412
654
534
615
456
717
744
671
945
272
772
423
908
511
336
30
907
126
741
141
72
790
128
557
999
631
640
270
756
233
628
330
246
270
927
709
212
792
613
636
205
459
447
787
462
118
27
60
988
543
653
900
20
969
232
600
821
33
82
484
859
449
730
804
132
198
238
672
954
236
703
393
301
69
374
934
845
212
140
676
273
243
574
865
576
349
535
278
55
122
482
1
764
416
658
128
709
865
885
956
175
893
552
617
14
966
686
567
442
767
390
68
726
267
457
750
766
606
351
239
428
243
96
707
145
41
475
319
415
436
978
523
571
999
32
722
135
598
954
116
205
677
25
920
291
172
833
341
639
13
566
118
882
461
747
76
69
496
543
240
858
569
599
172
367
175
797
902
294
602
874
429
934
905
552
387
999
929
524
640
214
931
57
556
65
146
486
581
397
224
528
145
413
12
818
667
944
681
616
776
734
193
372
522
832
927
803
351
597
65
12
399
758
715
714
118
872
789
960
744
118
381
477
215
544
645
453
224
267
517
943
53
40
439
846
356
296
708
968
140
135
245
308
172
888
497
190
295
641
193
819
922
858
158
540
660
586
416
412
735
789
872
398
831
127
163
249
187
334
972
66
568
323
94
876
424
504
958
150
587
296
859
86
707
275
915
1
54
49
20
458
300
930
819
405
560
569
526
346
696
836
375
954
111
44
22
899
926
182
576
444
616
709
951
975
418
576
141
643
690
411
455
753
891
823
862
853
290
205
595
350
840
174
135
893
961
938
278
686
132
312
166
894
83
805
31
84
193
30
679
674
562
165
713
295
27
614
390
380
660
831
718
540
923
465
665
818
786
101
624
51
587
964
862
988
542
587
781
635
651
632
735
326
881
736
740
391
503
825
597
293
98
922
547
701
451
910
921
420
792
71
640
280
940
781
955
963
522
151
738
313
362
947
275
636
885
958
316
871
842
482
734
525
200
17
454
284
993
854
673
969
831
305
917
218
706
748
990
636
136
630
614
87
298
560
644
875
879
143
384
726
718
385
978
936
81
157
886
395
770
961
237
578
629
728
131
113
432
985
431
71
107
631
806
151
116
374
785
486
698
556
773
61
209
403
711
406
732
221
333
813
331
306
252
517
898
82
202
432
360
523
744
863
860
754
163
300
928
411
313
988
86
12
641
972
106
997
336
403
122
503
871
974
420
409
455
49
265
544
7
866
868
360
40
466
743
575
735
521
23
272
459
448
983
744
8
777
536
493
350
493
658
310
488
166
724
62
38
766
974
635
307
561
724
392
425
784
306
517
664
612
913
134
73
474
386
814
150
72
1
924
749
630
354
729
665
821
429
271
502
412
244
175
173
974
273
780
557
579
543
689
253
880
930
712
635
614
77
467
491
489
935
350
889
719
593
771
803
537
187
212
795
54
493
116
453
344
170
707
389
136
655
520
270
395
467
947
163
764
891
56
405
189
124
132
741
860
435
828
532
505
712
162
965
292
577
947
2
822
896
321
385
939
859
524
198
787
116
326
376
633
686
84
583
754
427
713
12
821
191
750
81
416
634
116
453
864
736
362
771
497
92
384
67
442
444
582
569
128
734
583
447
517
638
905
296
164
590
707
711
700
94
913
838
728
23
147
253
943
323
221
887
223
306
412
94
694
238
937
679
719
453
70
741
210
622
454
572
726
714
51
766
712
831
751
271
378
5
388
622
266
906
173
506
467
907
682
16
251
82
233
787
487
706
207
454
165
531
924
128
828
593
864
355
257
51
937
491
989
643
787
806
830
126
1
883
804
340
613
196
20
744
810
645
467
906
134
113
951
4
26
904
792
732
620
629
144
942
745
722
538
731
300
142
753
769
354
401
487
324
604
641
538
243
429
984
9
852
420
457
545
824
22
590
981
804
968
544
684
553
553
650
112
95
805
759
897
798
515
262
820
584
56
982
163
553
448
461
385
489
264
810
698
519
921
53
370
197
888
617
34
90
119
86
277
723
549
642
350
92
145
118
654
7
297
497
289
559
592
728
404
187
968
568
189
436
789
530
249
53
251
48
815
494
100
326
640
2
209
285
812
819
394
983
61
297
697
227
212
508
81
216
365
617
438
771
620
866
269
339
765
558
309
457
553
755
258
414
742
996
276
677
281
455
684
473
159
886
182
38
224
627
518
806
768
504
985
635
170
930
96
16
836
140
457
166
673
274
492
802
207
720
622
63
36
490
502
774
55
285
3
894
726
743
891
800
622
670
243
733
561
580
390
451
212
180
316
451
410
886
252
97
401
903
620
488
604
524
107
585
231
842
244
510
122
239
329
166
218
600
780
817
464
421
410
713
515
534
402
732
493
933
497
680
234
502
173
503
341
76
637
960
530
324
548
408
750
487
270
805
442
290
784
174
799
117
958
991
277
662
711
122
257
413
687
145
578
893
313
421
259
640
824
831
119
614
209
62
105
329
884
369
102
920
16
244
735
788
900
406
410
835
985
236
766
175
465
190
710
615
50
393
926
771
424
23
310
892
324
662
53
281
514
711
221
42
402
366
251
52
436
340
84
454
385
428
362
116
894
460
395
842
458
183
34
52
10
950
327
607
918
809
533
378
895
417
941
420
127
719
60
664
21
232
192
129
985
64
153
841
932
613
744
468
161
560
685
565
67
674
433
691
240
771
706
629
9
876
163
375
962
213
477
247
988
263
805
796
90
674
428
387
71
590
926
905
230
761
89
95
377
332
215
124
53
334
299
454
717
506
512
148
97
154
969
739
360
164
943
536
902
29
394
202
708
135
782
123
805
941
535
810
85
687
66
372
313
221
511
285
971
565
664
406
628
734
72
685
913
592
43
278
544
237
771
34
899
97
257
712
77
551
11
668
697
952
116
639
952
229
135
437
917
624
360
317
337
542
690
956
269
135
830
373
687
954
393
8
497
408
748
452
506
380
883
273
431
493
842
499
423
157
218
319
979
617
136
773
887
629
34
868
116
179
855
665
895
124
664
615
379
715
188
71
828
485
636
386
119
715
868
91
973
425
657
883
163
864
586
559
133
800
643
735
722
98
516
615
361
859
467
63
509
893
862
525
338
185
277
356
603
672
505
939
202
265
315
395
605
804
2
484
909
498
873
265
970
941
88
429
713
881
311
366
468
807
408
419
350
53
961
390
728
743
264
205
995
230
116
513
50
327
51
88
483
466
535
868
769
752
380
491
168
817
559
593
832
951
228
849
425
677
659
779
767
38
571
135
618
967
583
334
237
871
802
918
624
880
967
810
198
298
398
676
457
165
197
925
625
979
344
470
807
279
938
986
453
655
770
597
267
762
661
785
428
656
105
295
617
987
331
457
387
123
511
623
209
905
308
481
765
712
354
272
568
873
341
991
582
96
528
364
295
959
299
352
875
74
31
373
420
227
15
859
820
502
142
99
948
8
695
786
399
114
5
940
468
320
22
345
19
801
470
401
846
821
71
458
340
823
587
823
278
966
567
740
573
667
206
282
784
420
998
883
998
316
230
584
896
479
566
791
613
774
452
353
841
1
11
15
572
91
612
564
279
766
669
119
297
754
252
131
149
496
43
900
400
170
471
747
828
516
901
52
982
283
789
929
867
608
446
529
521
124
379
183
19
537
518
624
38
778
892
916
707
515
149
858
85
947
701
935
638
20
344
577
476
196
843
618
326
411
106
922
877
501
485
431
537
641
966
715
638
545
481
832
196
860
828
92
841
224
491
694
173
714
361
774
186
418
725
962
831
213
832
519
610
631
808
558
382
103
133
130
84
847
565
211
206
46
495
92
183
81
778
125
735
101
196
954
138
462
245
851
387
47
952
705
886
846
696
905
869
424
199
420
439
203
591
647
560
980
262
432
523
627
557
868
802
456
557
690
67
766
712
988
514
244
922
66
404
708
905
667
956
941
32
517
550
542
351
44
10
177
383
144
737
477
11
615
548
449
787
375
125
546
468
723
203
905
893
924
967
728
210
389
177
707
666
408
182
708
254
9
998
273
742
770
341
196
495
284
8
286
735
349
228
460
847
527
447
882
230
494
802
335
332
200
313
915
762
52
846
660
857
884
901
932
285
151
211
35
94
668
72
728
982
388
676
861
781
575
873
207
69
866
971
288
159
159
916
828
30
975
278
735
879
838
507
845
710
68
359
506
124
305
691
759
738
917
232
728
255
435
466
581
648
963
377
715
232
276
647
108
624
274
136
775
371
623
221
109
221
35
939
428
672
897
651
921
340
750
812
9
729
827
27
356
614
358
702
555
843
786
605
950
573
594
781
500
892
500
388
916
458
400
784
641
887
820
177
287
338
859
857
302
798
947
817
111
257
724
270
669
12
446
79
98
120
127
519
436
709
903
653
72
542
374
210
204
549
729
894
830
176
189
943
206
964
3
373
793
44
668
764
810
906
165
891
496
781
727
824
133
981
719
446
634
142
122
144
152
565
27
372
58
228
45
248
95
772
646
25
934
656
105
331
583
23
382
191
637
879
749
77
266
384
853
154
96
721
122
384
793
882
828
686
193
712
339
272
60
797
136
637
340
767
85
317
926
227
100
196
930
100
62
128
821
461
14
975
468
763
810
992
968
303
325
329
125
787
161
559
565
702
910
165
766
86
150
335
331
342
6
536
389
591
199
117
500
878
544
318
817
443
4
810
312
921
808
243
458
310
473
506
88
391
625
982
714
671
871
966
629
867
283
416
251
801
499
45
535
824
349
435
610
3
21
878
984
960
262
719
911
574
274
749
700
593
743
742
15
330
514
674
886
181
89
765
68
615
368
511
933
440
974
790
351
661
884
566
310
638
189
421
421
454
749
870
89
40
632
533
816
364
124
238
690
381
126
946
523
646
76
495
805
629
730
426
619
861
816
215
816
583
346
240
630
54
995
139
719
320
883
899
521
589
453
550
498
991
932
654
657
212
332
844
681
967
618
216
964
20
44
142
602
935
720
449
910
130
526
656
531
583
58
758
829
825
444
794
464
597
249
572
785
679
184
874
516
318
201
878
749
795
113
240
754
782
441
851
600
972
300
541
308
499
230
515
608
459
556
706
779
258
730
914
619
57
634
108
54
447
951
649
650
134
864
723
737
347
888
767
242
959
852
36
784
942
258
408
978
922
605
591
112
357
388
349
331
71
68
343
85
861
200
136
115
823
755
482
168
757
191
801
636
84
123
676
556
897
505
84
889
714
928
451
87
800
276
753
786
173
64
287
169
621
164
229
536
950
653
447
149
749
389
419
571
265
786
784
694
914
36
147
399
807
991
197
927
377
107
554
645
889
444
304
380
994
129
647
697
543
773
979
174
483
978
245
233
820
748
460
208
488
608
341
929
376
544
781
221
799
703
617
161
430
984
891
265
485
713
549
679
902
546
61
559
624
566
217
175
258
684
240
218
341
772
932
350
614
748
392
842
774
74
63
754
32
471
98
270
509
938
931
187
148
722
977
719
852
457
98
899
589
747
171
878
116
33
626
187
829
532
465
515
299
491
581
727
998
486
430
988
781
961
202
51
219
284
97
871
528
79
839
169
80
379
99
606
837
876
307
635
172
421
806
394
882
979
44
513
562
684
365
616
58
134
400
475
901
872
660
876
922
875
203
876
632
589
714
881
878
877
183
41
813
275
744
62
799
681
890
582
811
516
598
620
609
489
178
735
326
991
328
460
798
596
83
42
217
365
524
791
190
210
306
707
677
332
623
320
402
232
560
219
247
189
212
994
232
629
771
226
116
269
966
267
378
170
845
813
648
100
774
535
48
412
912
340
324
526
404
235
896
464
761
852
140
620
947
344
492
512
768
62
257
327
209
222
398
893
370
966
334
949
202
96
191
686
963
101
114
529
156
673
916
237
842
231
641
780
503
711
713
219
119
918
724
191
277
903
830
941
848
344
198
968
967
992
699
14
257
749
820
195
762
370
989
84
609
956
865
324
245
559
540
636
749
423
942
744
838
107
39
218
456
8
4
605
904
239
594
275
515
14
819
877
755
487
439
657
893
463
515
461
858
380
816
299
118
382
896
58
643
580
487
70
824
556
435
405
387
48
876
579
592
605
723
772
140
497
145
323
199
772
890
240
512
812
365
923
925
621
122
540
917
840
800
900
929
164
127
717
317
627
474
55
226
89
158
89
550
287
155
774
912
452
401
827
171
278
231
905
33
993
6
142
32
880
336
317
801
281
452
516
912
249
777
707
80
778
705
770
427
494
395
760
61
537
291
232
664
331
221
611
886
93
585
247
786
247
222
320
462
449
907
716
139
840
162
327
536
853
579
549
338
412
102
966
378
557
624
742
49
644
569
758
967
704
530
443
570
45
324
156
723
90
101
652
452
598
994
258
801
842
543
399
645
284
760
160
326
220
855
441
753
254
138
848
163
218
301
331
548
898
664
132
421
974
960
674
375
971
404
522
785
133
264
314
44
231
868
114
269
788
213
254
373
837
664
359
9
813
264
429
271
420
567
686
890
757
334
532
122
82
528
671
283
306
319
269
631
786
815
90
761
43
747
741
142
663
439
447
230
117
459
525
325
952
207
109
755
125
949
746
164
487
420
630
362
728
274
218
333
147
438
292
746
480
332
553
40
320
921
552
764
147
762
182
475
25
661
732
872
997
626
604
543
701
447
790
128
354
342
409
653
168
565
470
96
900
14
424
690
641
649
288
903
757
340
94
704
825
377
183
149
338
63
162
973
578
981
131
676
171
283
778
136
807
451
375
461
987
207
323
660
697
126
752
988
915
359
385
629
727
389
163
424
702
840
969
176
165
88
946
456
509
383
698
804
118
726
76
846
666
878
824
674
490
855
762
931
229
184
910
10
582
534
263
119
285
329
51
737
601
587
769
137
565
199
832
731
723
782
154
242
503
989
630
887
815
769
309
91
225
200
874
739
924
69
102
392
462
481
185
472
94
84
536
327
341
785
361
338
975
675
443
727
318
908
973
199
384
446
516
906
31
369
7
412
316
946
400
170
584
128
72
599
518
379
301
641
319
141
921
562
742
818
998
591
892
89
362
478
45
123
744
969
401
645
804
241
866
941
597
648
608
438
251
830
925
295
559
333
263
751
479
293
128
466
909
514
636
832
790
71
384
790
943
259
527
259
793
486
931
73
556
602
68
648
360
210
197
595
478
38
682
248
274
140
132
985
650
994
527
479
55
157
311
537
455
977
979
992
732
779
277
153
558
453
601
680
677
450
917
586
577
238
619
685
779
578
373
760
447
332
765
148
512
504
831
317
939
166
558
913
796
10
740
422
355
49
324
425
765
38
290
624
439
911
773
620
744
931
935
798
441
898
147
605
293
8
314
265
642
669
543
387
581
251
752
838
45
660
242
540
835
639
130
142
171
48
975
852
698
309
123
324
572
301
827
910
227
575
140
716
405
651
833
968
492
518
217
815
369
319
177
912
23
153
625
902
936
193
715
368
870
904
836
419
285
960
11
576
846
418
253
774
237
51
603
305
104
538
367
105
115
257
268
474
663
581
334
884
523
333
714
773
433
448
580
270
337
814
525
524
642
974
955
124
428
873
295
330
164
141
853
580
9
825
578
188
245
379
996
816
481
735
473
298
186
183
856
776
436
560
206
964
857
232
766
956
230
109
88
997
650
68
225
891
322
107
721
207
971
778
605
254
955
874
405
112
935
509
501
223
319
769
896
337
424
539
138
325
142
547
592
495
340
714
471
160
181
158
782
260
584
350
536
881
306
203
196
960
623
609
842
999
880
988
946
595
945
528
376
843
583
321
854
785
80
75
532
581
727
395
614
184
90
875
893
651
918
353
62
735
304
432
734
840
414
55
945
369
799
140
921
790
736
537
73
117
956
446
878
133
308
492
849
9
316
464
140
557
434
966
110
858
565
425
721
984
941
496
891
833
661
702
316
807
752
926
186
808
265
97
481
291
242
179
400
210
142
620
208
676
887
207
54
237
891
773
974
960
438
973
937
175
836
568
736
771
847
675
376
172
946
566
355
270
484
841
93
95
901
365
391
61
235
792
124
498
490
928
246
537
583
796
754
197
951
364
950
975
350
279
422
776
814
232
404
402
369
687
647
361
851
482
900
834
976
177
29
183
621
275
722
583
683
780
592
358
985
477
558
555
283
752
537
291
577
261
754
58
563
957
981
194
68
800
562
535
867
946
322
719
708
912
879
198
779
689
39
442
300
35
437
117
142
740
409
136
140
322
96
759
588
174
712
440
482
497
132
612
640
9
134
857
381
283
400
860
989
316
946
216
211
258
842
812
744
477
369
259
423
680
335
963
909
886
434
541
513
318
403
494
818
433
133
64
407
468
339
480
315
14
799
693
904
404
734
856
954
473
305
20
566
533
151
703
139
527
282
725
598
478
931
840
473
816
841
983
42
843
89
5
757
26
425
925
576
111
35
179
384
297
848
826
131
88
398
18
965
303
278
8
666
35
981
710
575
463
777
768
306
363
662
614
789
692
265
205
437
2
401
937
687
144
393
671
742
263
804
935
145
47
700
120
265
267
649
335
750
535
707
541
650
22
925
675
268
513
951
694
129
612
214
189
734
237
432
455
35
67
785
523
677
747
35
117
574
110
288
156
983
483
952
505
245
274
243
10
687
471
660
886
725
191
183
549
97
70
518
57
97
553
49
145
484
566
883
867
931
7
499
511
987
761
831
513
404
733
273
324
1
875
838
49
486
284
569
891
516
867
776
882
364
971
201
731
602
977
715
546
611
922
408
899
317
232
703
382
924
876
632
500
645
329
254
73
919
121
836
628
590
539
4
119
834
25
65
113
670
57
66
475
72
652
480
28
756
944
427
869
645
832
891
812
773
791
955
215
166
24
976
997
13
182
701
225
399
165
777
262
594
407
532
821
696
404
350
140
794
526
755
435
324
808
179
687
683
541
818
268
765
103
912
539
606
720
499
314
831
269
574
887
742
863
423
628
25
982
653
259
703
934
503
749
349
552
194
411
834
629
933
997
789
193
296
996
881
940
222
78
24
340
305
652
860
924
329
665
902
153
841
566
339
836
885
825
488
659
434
982
520
654
198
282
771
168
130
570
683
638
344
308
304
309
649
16
23
806
313
22
397
535
232
960
896
901
824
936
623
633
157
210
460
861
56
298
585
553
247
702
394
982
610
782
227
845
160
103
29
600
338
731
23
981
3
299
406
528
90
63
573
355
800
122
700
213
58
747
82
288
802
818
362
469
517
892
139
18
829
898
69
381
186
263
86
590
473
195
326
195
462
41
458
34
695
364
570
916
845
163
382
882
649
360
991
239
573
756
49
309
260
716
463
876
133
867
273
465
385
839
345
464
166
346
834
635
93
314
267
949
58
203
944
643
872
386
41
469
879
377
452
457
317
94
860
711
507
58
918
67
285
278
522
916
50
496
212
285
318
670
61
35
492
414
46
698
461
686
740
782
450
630
283
473
176
125
997
913
57
341
637
598
750
943
388
288
288
38
35
791
909
592
880
123
816
55
882
988
395
528
739
763
415
29
593
843
2
311
578
598
395
517
486
755
607
885
390
752
60
201
128
63
537
57
791
815
882
394
344
900
75
627
450
303
609
790
960
830
826
123
676
258
452
806
318
646
109
807
636
836
618
867
542
106
790
667
920
213
861
719
12
701
64
121
807
142
138
144
903
297
535
18
751
238
249
422
114
548
342
558
112
382
402
176
766
373
713
948
259
15
511
661
832
515
200
654
846
342
739
602
229
731
334
797
74
493
376
325
43
299
395
808
124
827
120
902
185
639
839
468
391
707
41
469
670
299
383
500
668
100
215
52
819
784
357
273
704
141
246
399
305
691
396
499
247
137
663
778
919
663
439
74
493
155
888
488
254
362
169
140
366
466
126
439
362
319
702
661
976
545
946
63
268
349
234
659
804
882
107
885
221
425
10
793
621
369
331
866
396
144
810
22
541
686
261
546
400
253
600
249
173
138
308
594
650
598
331
945
805
92
950
881
559
784
262
167
163
463
48
952
973
954
243
79
26
930
715
657
541
299
152
176
304
676
14
31
586
594
83
770
894
964
767
491
674
826
401
642
934
46
834
350
4
719
525
797
8
317
744
62
599
848
659
118
618
953
975
470
676
190
92
46
826
900
570
508
745
188
661
215
682
864
298
60
443
692
613
358
115
906
745
323
202
209
3
27
713
329
205
570
575
275
420
843
947
21
428
375
269
411
609
743
321
798
689
809
692
806
450
467
379
210
375
644
755
723
112
305
914
462
705
147
429
140
691
709
599
361
36
854
4
764
317
35
571
105
951
141
379
282
350
829
503
23
526
543
931
441
75
862
117
922
345
402
53
167
945
587
566
375
103
65
597
629
762
1
675
772
98
82
26
46
92
771
456
653
908
278
115
855
865
589
944
33
786
12
778
996
998
345
386
823
79
948
507
982
86
955
691
425
725
827
561
2
505
21
320
911
254
402
239
916
77
276
950
806
326
761
799
646
485
16
112
68
968
103
223
820
350
812
928
80
257
394
763
127
38
835
630
161
479
554
503
989
855
979
475
306
587
21
231
733
629
925
561
426
844
484
617
67
478
498
405
394
624
779
886
916
307
304
311
875
443
429
41
958
354
246
38
561
710
26
222
224
543
934
46
319
664
941
314
539
650
58
407
33
71
233
599
895
221
256
679
395
55
228
280
341
479
722
306
724
748
993
45
991
304
700
863
80
128
218
135
948
321
272
714
212
191
254
193
258
272
547
119
119
89
895
85
57
699
208
261
422
773
843
736
573
882
219
561
188
275
201
663
671
794
718
761
710
718
528
322
954
76
987
627
310
15
747
704
62
468
231
525
306
57
88
283
743
658
126
650
275
688
53
982
856
186
126
119
540
715
998
349
743
584
183
121
151
440
573
651
435
921
27
19
202
950
41
614
736
451
495
227
326
445
565
152
32
104
353
245
273
556
397
375
84
504
376
480
684
37
913
147
444
128
216
727
387
174
494
744
634
969
87
72
586
3
809
252
756
30
745
524
936
686
369
457
70
707
100
21
831
207
326
894
871
366
179
570
139
526
929
200
752
290
76
946
472
210
184
203
61
603
428
303
657
325
870
498
137
690
266
105
138
904
848
876
107
328
350
547
456
874
746
844
732
763
723
315
621
950
333
174
842
262
554
700
789
492
736
831
702
691
773
260
54
672
623
62
469
920
890
684
961
503
795
139
107
92
741
379
130
527
325
782
344
554
621
743
836
170
608
233
408
797
992
790
338
939
721
751
367
905
330
324
354
623
878
56
690
121
595
371
476
815
293
890
666
667
821
404
4
640
482
347
291
748
745
129
353
656
496
722
512
416
911
623
280
149
608
923
482
909
867
151
795
202
166
935
615
254
861
413
855
282
404
588
621
39
840
372
302
957
81
704
995
573
684
873
37
597
677
391
675
380
395
87
632
341
273
300
946
350
523
413
262
355
878
920
934
203
418
205
796
397
434
378
279
953
687
286
721
764
765
94
10
576
217
771
365
69
177
102
432
882
548
469
828
503
326
23
842
196
385
976
227
4
243
37
526
687
880
366
181
717
814
479
464
897
696
643
612
160
832
747
519
519
698
306
348
491
951
405
871
708
764
996
517
513
141
480
821
136
536
307
161
248
789
589
256
757
918
45
155
756
687
606
699
798
666
789
437
523
190
677
769
205
442
250
528
526
36
540
500
426
618
283
375
35
422
508
94
176
95
83
470
344
106
258
70
487
227
418
719
143
636
493
549
217
862
871
686
955
154
463
770
872
195
600
299
631
645
514
653
670
529
437
200
490
208
139
935
679
576
750
758
36
478
616
401
259
993
292
542
62
958
859
496
775
275
52
22
63
193
62
381
525
243
739
651
196
584
779
562
635
984
689
5
49
330
861
916
594
43
583
776
200
325
169
995
206
850
64
789
797
713
964
885
8
478
834
22
278
25
563
324
635
404
318
289
252
462
440
540
108
445
792
409
689
806
733
423
288
639
79
704
82
63
400
27
842
121
714
363
997
325
853
416
178
806
569
19
241
764
673
320
114
472
225
44
750
469
974
300
474
642
389
606
807
195
233
775
291
667
252
228
154
460
645
862
492
375
60
331
252
899
374
522
373
702
448
379
535
374
940
376
896
648
335
370
995
656
221
708
840
313
993
830
602
867
478
810
314
164
505
220
578
248
143
275
865
333
389
658
421
196
876
741
448
303
396
339
658
115
972
377
608
536
364
129
312
213
584
39
305
575
123
67
888
602
335
124
79
370
824
618
90
407
244
773
971
676
130
904
824
410
613
211
382
580
468
937
589
669
346
250
424
782
103
23
265
411
695
19
277
394
201
124
174
95
178
896
526
200
957
319
547
521
977
941
149
146
810
195
202
517
710
924
821
288
278
135
764
608
238
683
20
544
526
958
160
787
146
846
524
848
134
589
367
164
705
25
463
743
915
585
803
286
600
492
980
376
879
374
281
495
331
991
516
963
636
238
968
829
127
856
150
840
152
828
395
431
923
442
744
817
772
812
326
461
408
870
748
725
355
176
673
479
278
233
792
817
262
696
968
932
695
365
747
529
979
986
363
964
72
48
752
363
912
952
187
692
881
889
409
874
818
444
131
834
13
814
247
903
208
465
965
814
803
991
801
647
821
912
951
859
58
989
389
329
944
725
149
563
19
210
228
266
223
760
741
230
795
328
618
208
937
510
741
66
104
46
504
183
10
217
360
68
609
405
866
971
58
561
501
967
478
891
86
39
628
89
398
675
512
648
234
403
660
139
843
319
744
590
976
806
767
411
674
133
654
704
554
706
715
308
306
35
630
404
953
986
837
932
992
783
800
783
61
288
505
781
651
764
540
132
599
660
182
901
244
556
841
385
11
973
763
847
670
963
191
21
371
176
746
429
578
295
124
417
697
865
340
779
315
363
925
399
648
674
499
815
821
132
774
676
117
710
282
350
758
188
801
769
526
42
431
914
607
350
179
252
583
468
474
935
871
199
914
324
737
929
176
501
574
570
272
181
983
322
738
232
162
28
560
699
745
175
624
704
818
54
590
982
640
118
462
880
643
958
556
208
79
374
178
60
672
683
102
333
842
576
523
386
454
533
351
935
334
267
434
725
584
368
772
791
756
322
772
775
315
378
85
647
190
380
697
103
455
148
342
478
137
586
961
107
809
839
68
366
390
42
267
708
829
748
718
881
151
360
703
638
870
364
270
402
377
554
260
436
548
688
884
381
233
247
603
59
620
630
338
981
147
673
486
242
464
110
745
614
513
908
439
314
562
972
150
731
390
393
345
652
519
643
309
793
233
287
26
58
274
4
667
677
696
68
249
155
314
285
901
425
455
204
827
86
13
446
266
252
198
252
750
176
503
839
267
38
542
798
633
445
561
685
534
406
643
665
185
687
909
833
196
853
801
2
400
454
249
48
408
265
994
107
401
806
451
118
913
163
838
483
418
383
641
55
396
835
419
536
654
578
888
215
623
521
149
274
32
372
785
404
743
651
344
376
187
59
349
459
758
581
990
506
835
728
598
183
399
802
870
873
554
850
400
784
836
729
622
113
352
168
28
407
257
124
215
279
733
541
758
124
44
360
494
56
366
361
32
89
59
264
232
935
854
541
815
981
821
858
733
997
31
796
715
521
778
43
477
181
112
499
90
696
3
369
212
332
241
167
559
531
697
609
755
154
717
186
713
860
341
377
982
488
260
342
980
849
520
216
765
99
2
897
362
991
435
570
598
381
246
563
564
3
471
428
695
31
720
813
358
604
783
614
13
516
419
216
237
490
483
3
654
391
90
757
331
836
912
47
812
240
336
977
298
8
71
193
484
785
415
668
714
835
475
149
953
648
484
157
733
34
486
836
222
680
120
750
942
14
323
276
12
95
84
888
859
675
880
355
918
438
643
227
776
166
77
631
990
432
290
221
329
63
136
378
222
458
518
31
81
185
464
460
725
577
27
387
328
753
550
708
877
839
183
653
764
335
13
156
100
284
474
81
333
402
956
531
759
933
624
420
985
521
837
363
780
582
24
794
531
483
179
470
830
669
645
898
535
801
496
938
989
577
981
166
256
855
479
122
149
279
9
737
334
404
701
699
652
777
961
377
968
184
704
886
262
293
910
203
271
652
506
394
935
864
64
294
839
160
102
983
688
630
214
533
627
166
713
909
919
541
820
171
476
330
977
560
175
160
115
194
393
789
346
555
520
851
248
801
582
245
38
731
627
34
253
505
958
385
891
115
255
829
254
341
561
288
556
82
179
40
753
675
428
731
730
658
706
818
780
115
760
553
931
297
629
432
164
178
209
249
387
397
13
873
685
833
105
292
700
403
267
363
599
544
706
130
635
265
954
804
564
545
783
883
764
191
315
246
132
352
47
580
978
514
112
40
127
195
389
712
240
239
685
302
954
219
473
986
272
179
596
997
487
833
494
355
196
826
818
972
325
36
660
157
248
690
372
406
156
807
285
881
483
992
425
794
852
840
811
418
749
479
691
253
271
283
941
105
673
38
584
435
152
490
365
236
261
378
568
44
341
420
265
729
783
836
80
679
461
240
49
851
897
187
69
731
