331
711
232
108
573
807
15
976
333
853
641
584
748
853
346
468
559
869
185
548
645
432
626
867
596
175
98
164
319
54
954
478
858
91
359
937
968
920
712
239
936
354
837
328
760
640
443
74
597
195
803
467
12
483
370
357
611
741
76
103
840
360
675
328
670
849
556
434
218
618
673
511
319
817
387
108
660
165
706
633
264
924
276
310
182
202
432
558
34
298
477
344
145
657
935
305
587
164
656
983
819
813
22
697
266
194
868
464
493
22
191
59
668
476
429
316
416
643
484
239
881
250
787
824
932
970
786
336
29
940
43
520
159
252
275
347
156
30
842
753
771
404
736
935
304
441
815
239
934
413
172
642
399
622
832
206
750
283
152
392
648
280
23
536
122
242
463
300
383
394
819
518
223
138
890
901
266
492
84
611
573
173
592
115
846
513
523
168
571
379
644
461
273
482
40
457
721
606
524
92
466
979
21
203
439
661
886
991
59
580
985
144
217
647
67
762
33
697
339
668
271
504
93
994
758
148
523
226
759
892
367
675
384
637
710
720
423
977
136
137
604
777
267
302
483
76
199
858
435
681
13
131
13
182
992
115
797
47
299
365
797
69
638
530
165
576
279
495
729
513
54
255
364
670
115
227
338
966
718
758
318
948
777
533
361
602
714
997
786
474
364
353
611
414
440
606
832
428
13
976
360
339
111
655
781
212
733
171
804
788
135
310
521
453
411
144
464
112
5
994
676
828
479
908
106
961
938
966
368
454
868
729
282
820
32
342
169
941
610
260
524
301
338
14
44
807
456
468
140
291
124
489
304
218
45
914
240
918
339
549
669
362
413
971
622
80
866
77
526
360
477
255
220
746
774
223
717
297
37
801
605
730
938
807
825
94
108
445
198
185
258
788
700
569
362
581
644
445
468
543
47
593
912
676
73
615
883
108
9
641
668
434
726
236
732
592
947
742
883
755
652
616
35
849
491
205
209
394
504
408
345
348
146
876
993
326
306
457
177
822
950
196
867
670
498
6
871
711
423
203
277
73
821
447
65
218
303
820
602
412
910
638
583
613
332
512
512
457
742
21
691
81
808
404
635
73
574
207
412
329
809
525
797
951
31
501
825
812
670
250
16
406
266
40
506
959
309
6
663
183
151
603
928
381
664
154
739
960
458
984
508
663
169
903
531
994
795
129
756
650
308
33
301
750
517
183
324
308
923
294
304
302
192
317
509
594
658
612
123
662
81
843
361
175
558
373
101
120
736
767
929
88
278
969
332
3
538
381
824
249
863
118
163
823
130
595
570
259
14
339
884
554
862
587
29
163
300
505
85
596
690
617
118
887
69
785
176
636
136
687
553
914
588
429
264
927
964
175
110
858
794
663
815
455
697
982
486
829
705
780
889
248
549
389
381
781
18
850
778
825
407
261
468
640
358
227
348
746
319
621
180
715
803
953
618
742
628
898
703
390
206
140
879
940
852
3
471
337
927
123
497
174
911
49
84
950
423
964
382
925
185
547
647
696
322
457
316
567
397
630
36
25
673
826
531
790
790
864
645
382
747
94
208
907
623
52
370
43
782
282
8
370
866
37
182
805
231
312
720
351
811
104
486
436
349
814
653
32
1
919
423
999
387
3
643
351
462
4
408
165
320
411
235
568
606
5
343
533
165
961
26
701
195
538
409
769
681
969
958
189
350
352
913
313
573
56
267
357
954
427
231
529
150
204
331
376
539
386
904
544
46
526
883
910
375
258
937
640
866
576
620
528
150
329
11
23
772
836
177
851
792
613
584
576
964
2
596
40
871
823
264
366
204
28
402
214
962
249
599
857
385
913
937
268
919
611
630
684
395
24
297
217
126
792
550
144
211
541
213
637
947
581
826
497
504
409
383
18
778
25
551
541
108
844
857
365
698
546
486
351
537
684
649
828
589
294
493
359
351
777
246
867
549
598
688
437
860
455
641
806
593
197
88
271
955
809
244
146
376
666
886
926
585
701
971
455
50
781
209
431
736
476
223
4
493
205
878
104
541
43
322
825
1
26
401
492
399
99
286
546
122
411
298
783
790
482
13
500
588
384
482
585
382
134
251
873
626
157
420
882
369
228
331
937
212
425
38
125
540
978
605
701
104
229
385
529
384
55
260
203
721
884
357
81
327
115
568
314
946
807
862
860
255
311
64
860
214
208
982
554
305
210
411
650
194
328
440
852
646
161
697
140
650
727
660
370
2
9
965
437
917
579
20
874
146
45
271
825
602
47
520
982
414
834
76
713
192
400
228
898
