120
7146
6729
6289
215
5968
6885
8225
3317
6391
6887
7413
8262
1638
7696
3655
1823
4885
7491
2574
7007
8645
8295
9787
2059
4775
750
8632
7495
4550
5817
9622
9578
5612
2641
6318
3905
6499
7231
2031
827
7739
5006
6737
5919
7224
7522
2039
7293
6204
7915
3712
9180
9516
8924
2233
9583
9330
529
1697
3994
2101
6638
230
4118
3685
5890
7821
9674
9905
7540
6728
8051
7061
7896
64
6872
8897
8154
2392
9858
7306
1692
5167
1352
9200
6285
1330
5816
5307
7344
7066
7454
2890
4660
5027
1692
8308
7972
9925
9695
5863
1590
2295
1160
1843
4789
6909
8989
9762
2993
2765
7103
2810
393
2741
9152
4158
9863
9216
4719
2715
5414
8611
1607
4137
3017
9022
773
9900
7478
3420
3431
3306
2081
6922
7362
6372
4720
2134
6009
711
1153
2925
2586
3402
2521
4697
5207
6463
2174
5260
1941
3370
4539
7010
4373
1483
5798
7166
3155
9700
2998
8311
7927
967
8093
9762
7975
5637
4744
5291
6613
8902
424
5497
4866
9408
2385
5207
1881
3860
4419
1432
3847
6491
3506
3121
6643
3073
4794
1156
7024
3001
5748
4090
2443
5365
7938
5075
213
4418
9386
4343
6289
8624
622
3589
2183
200
813
4653
2184
7594
8278
23
6866
5748
9280
5211
3420
9033
1214
2960
4375
8664
8655
878
7481
5043
3143
642
5763
1775
1455
4950
3825
4195
2177
2766
4546
885
9230
6082
7758
1504
4746
3225
921
5276
7493
3222
9125
1220
2193
3875
3909
5687
7032
4875
8989
8370
8665
7299
8244
5869
6743
3486
7516
8926
2909
2466
3275
9085
2961
4664
923
2400
9689
7183
1245
2377
7273
3483
415
9427
4826
2211
3179
8836
964
6125
4494
9265
6199
6611
188
8210
9994
873
348
7310
758
6425
5509
8504
3010
5126
5376
7999
8940
2238
8394
1094
2037
1233
4685
6509
8137
5744
731
9647
2318
3865
1185
5000
5667
1308
9890
3038
8053
8762
7831
9047
2007
952
418
7018
1373
2644
3439
5102
9127
863
7945
1426
3309
5925
8967
4482
6931
2542
7
2933
2163
3509
7992
5903
7904
8001
4795
5862
9743
6533
7185
3404
4856
1514
4199
1977
5976
5159
1844
8293
6957
632
7420
7495
8458
6382
9596
3420
4289
2139
6745
2086
781
3514
7714
6077
848
4309
4031
1375
3359
6351
4615
9361
4029
656
4294
2832
2746
3824
5498
4445
4201
4904
3154
6351
5395
4107
5399
7129
5032
6304
5574
6123
3810
9165
7696
6780
3327
9729
6267
3678
5030
842
1091
4909
1220
6673
2976
3278
9317
6463
5466
6342
9945
3834
2326
4721
6138
5488
9866
3997
450
4589
8610
9943
5286
4928
2165
8472
5051
7942
3934
9777
9380
4650
2315
3822
3023
2024
3969
1348
2548
1561
8610
7151
6765
1520
4343
2915
8030
1054
5259
4312
7748
2150
1665
1056
9226
8609
9123
660
7559
9298
4180
2477
106
7561
7316
4025
9347
725
9277
689
3593
2755
5541
82
2466
4029
695
6407
5793
7882
6761
663
552
4417
7274
5683
6766
6798
3372
1069
6586
8638
8060
7251
3619
5568
1363
4883
4814
1166
8095
9601
8261
997
7166
3096
60
4379
9839
2324
8926
9310
7696
2114
6132
45
7528
4434
4482
3978
7599
9905
9340
5368
7136
1350
4697
6759
3898
9295
7129
2581
1689
9961
4482
8827
4503
7503
6535
249
9927
8468
9595
6044
9257
8760
7546
247
3698
6972
1582
1336
5054
5004
9485
3985
8815
7567
3181
8299
4082
8346
730
7936
5841
4282
8178
3247
4832
1259
4988
5637
4251
8968
4710
6851
6018
9625
6171
5270
9453
4840
5250
9351
4680
6844
9741
4146
3389
789
8525
930
3898
9609
2792
268
7777
260
7464
863
5753
312
2466
5922
887
6457
7442
7697
5311
8664
9061
4316
234
2695
6029
8875
9823
7894
9478
6716
9498
1507
7605
3912
8625
1882
1189
3891
2465
177
6066
8543
3824
5854
1193
3048
7193
4782
6765
1137
1845
8548
1180
2813
8508
564
195
1766
2208
5849
167
1988
1381
2003
7000
8937
5888
8491
180
6009
5585
2692
9527
8110
226
7350
5242
1731
7771
3791
4176
834
8211
6264
3357
6937
1454
856
1917
6132
2571
4798
8793
3124
7123
987
1132
1099
893
211
8039
600
1700
9535
3149
5173
2740
9257
7841
9558
9105
3231
9083
2227
2384
2813
893
1432
5286
9674
1105
8013
8024
1759
4447
9657
7721
3611
496
5777
8727
3989
7568
9251
3669
2267
7967
3490
3769
7613
1742
7389
8797
630
5383
3277
9033
8449
7562
568
3672
3104
2878
5401
6872
9297
1310
6212
3892
2666
9887
5078
2903
9336
5311
1092
2389
7795
9348
6006
7207
4706
7163
8851
8410
5453
1535
2500
5132
2379
1871
9333
7716
4238
2662
7781
8113
7601
8910
9488
1082
8586
3316
4116
8092
765
3314
3740
3420
8360
6878
7368
4556
4531
7132
834
5538
9040
2747
4171
9665
6230
2353
4
2744
4756
8308
8136
7612
9026
3732
411
8902
8775
5140
8340
6920
5773
3151
4529
6624
927
9843
5788
4288
7748
489
4322
2632
6042
6061
2381
4957
9805
8674
8998
6901
3421
8633
9508
5633
3943
4267
4451
1012
325
6148
2455
4310
5819
4106
3206
6425
3929
4921
4855
6683
3542
5268
7850
9890
8996
9890
4669
7158
8321
6429
2183
670
9992
6033
4208
1213
7663
1099
7796
4245
3852
2907
695
3695
886
4913
2147
7250
4752
2236
2838
5302
9424
7398
515
3124
9449
791
1511
8623
5142
209
6881
4962
5605
7974
8912
5716
627
7248
9619
7708
6409
5005
7648
2151
3752
1441
533
5642
9157
8015
3932
6373
9042
8780
9691
3688
911
8282
1021
729
3586
2211
1759
5920
9343
3885
1723
3178
6412
9084
1256
2510
3187
1287
6523
8772
1466
5820
9262
3336
2442
7368
6413
5318
9601
5257
9515
8231
8821
9827
7098
8872
2147
9053
794
2207
557
6134
8897
142
4542
1115
2188
8359
553
2366
7071
350
9494
8547
8183
7527
4118
1421
5127
6546
1927
314
5748
563
5725
7431
7036
4445
6765
4447
9604
392
3934
8897
5255
5115
4021
1853
3960
1186
1050
9775
5823
9354
7833
5524
4064
1779
6973
6667
8132
7016
7788
9919
7809
1485
129
9327
1137
1865
5707
9469
4046
130
2517
1617
4327
1905
2344
2204
9171
5345
7414
4569
8700
5335
7736
3394
8976
1627
9694
747
7916
903
6097
2556
1725
2168
9119
8978
1672
7805
816
2032
5121
3055
1339
3642
6541
6340
8611
5392
9126
4552
8199
2637
8753
2938
4085
7396
5737
9272
8532
1264
7352
5116
4437
7347
978
1545
863
9112
1966
1318
3095
3177
5008
9082
6665
2023
8988
7446
3242
1484
4772
5049
2479
4794
8289
3569
5194
8749
9441
5181
9311
6416
4233
5008
3187
2933
2593
3427
4679
1301
4195
2456
4789
2909
2214
693
2249
739
8860
3108
6677
1242
4110
8306
6355
4570
8520
7430
9463
6605
2366
3562
5516
3582
2340
6278
1548
3129
8348
1087
5088
2123
811
7186
6476
7523
9113
1363
3853
7322
8863
4294
9977
9784
9124
5617
1299
3400
7350
4794
1427
9019
7530
87
294
2101
7883
3252
3031
8610
932
1748
1314
8638
1453
9723
336
1629
2967
8857
3236
151
249
8107
6799
1829
8881
9590
1567
4259
1132
4453
7667
137
2097
5320
4908
6664
7279
7648
4
749
4292
2118
5408
5062
8901
668
7319
1722
4749
6347
5613
9191
6461
2523
1324
9667
6048
1137
5854
6728
3842
1097
1530
5480
7749
9935
3149
4649
9973
9968
9513
3188
5011
8215
4536
2586
2098
8965
3965
7879
6594
1813
8267
9378
9859
7837
5522
2096
8732
896
8742
3352
9646
3510
4879
974
1067
84
4212
3354
8250
5601
2476
2475
272
6462
7248
1923
2413
1558
8394
615
7554
6195
2261
6613
6714
8752
4363
9446
1715
2209
6269
8860
1283
8931
7839
1113
9114
6259
8419
629
6780
5695
7649
1803
4629
7110
483
528
3397
1249
8879
3346
8514
3250
2845
2256
5954
9864
1904
8444
2816
5160
3727
2346
8501
3184
8933
8679
2297
970
5858
5633
8624
2210
9611
5228
5757
3407
2563
5099
629
2765
448
4983
1099
9958
7006
8381
9091
334
5872
4452
5026
2086
2834
3233
5544
7658
8082
9367
3657
8092
6381
7822
9285
9503
206
5584
5530
4720
9541
1932
3668
8303
9583
6713
1464
5741
2535
1488
8391
2418
1381
3684
1883
1241
9643
6049
9573
9295
3294
5894
3068
427
7833
3385
6798
8039
8580
3803
5826
5549
8743
4350
6228
2496
6698
4272
8322
393
3319
1478
4762
9586
5947
5646
3013
8449
2705
8459
3321
1046
9399
211
1123
7082
5170
4795
1251
2870
321
3247
6686
2290
1564
1347
3504
4023
2036
3216
2920
3092
5177
6433
7737
5145
7549
9873
4202
4945
9771
5186
5592
2971
8248
4817
3848
6769
8301
8669
3390
615
1515
2883
2298
2919
3227
5433
3772
2660
1422
92
8216
2155
2974
9583
2858
8478
1668
9718
3403
2848
1982
898
3094
1935
3606
898
592
6110
7257
750
9855
1388
4127
114
8099
1197
9988
5512
7290
1126
4050
4308
6628
7341
3166
3701
1632
8973
3204
5024
3982
5588
7157
5290
912
732
1505
4849
1874
4165
8544
8552
956
2554
6407
7750
7275
6868
9193
8008
3351
4679
6643
3327
3008
4442
9617
9913
1170
703
6447
7880
3586
9164
885
7087
6754
9172
1826
4272
4340
6721
2705
448
4119
9982
9629
1407
5615
9008
604
463
2005
8656
2717
213
8474
337
6903
5694
4383
2874
2293
4023
4599
1413
4146
2888
1785
9942
4637
203
45
2218
7706
1572
7448
1883
4435
4535
5260
1331
3709
1578
6322
6077
2322
6481
7861
3597
5371
7347
7143
870
7449
2838
759
969
791
7828
7769
2379
1033
5373
723
2941
5696
4741
5765
2815
6629
2768
9760
7783
7307
7223
4060
9429
2310
5991
5786
344
9297
2671
7112
7471
7403
7686
210
5659
6437
8416
7011
4341
6407
5399
8276
7479
9323
5189
895
1034
3462
6947
7367
5677
6024
7203
6156
6231
7183
8495
5986
9183
919
9677
8767
6696
1137
1920
4080
5589
368
9122
6097
6042
9794
5088
8487
6268
4191
4952
397
415
8636
3026
8209
2460
3928
9673
1447
3177
1072
1646
9537
5423
3024
8420
2850
2571
8929
5747
550
5074
1517
2290
9010
98
5067
8933
3370
8208
7388
2649
4201
1123
6624
1051
5742
7746
46
6696
9619
9338
6714
6849
7364
3550
2589
5596
3767
8531
148
5637
9634
2874
3517
9058
8780
8388
8086
4724
1604
8426
9729
1160
7335
9076
9763
2645
2032
2371
4057
3050
8004
4448
3528
330
5007
4150
9313
3758
8868
3104
2113
6714
2358
3967
5229
1077
6718
8806
169
5009
2817
7877
8868
1941
3306
1589
820
2600
9283
7930
4035
8712
4816
9593
2880
4600
7909
8112
2456
9497
9697
156
1194
8560
4124
5136
6944
4489
8955
6195
4640
3408
3799
6820
5718
4362
5640
6424
6803
4199
4737
6299
8893
4594
1566
674
2109
4862
5187
486
6870
1077
1013
3995
3354
8167
6179
2539
2238
6405
7762
6677
1498
7011
4069
2995
9807
5103
449
9236
8445
9203
1877
4604
3200
8808
3355
5377
7732
3370
7596
685
232
6787
9152
5135
4223
5860
8218
524
199
8402
5217
4304
2122
7181
4515
9269
2863
5432
8613
1208
6200
3219
1412
3409
4976
1234
6598
3541
7621
2890
1653
3847
7969
6641
3274
3623
4930
1250
8318
2628
9382
977
6489
3268
6449
5732
2557
8596
7369
3032
3350
2687
222
9712
9659
6003
1542
6087
3401
2099
6644
3221
7293
8548
635
2346
3072
9379
7566
5653
8658
5495
7996
2098
4738
4020
6880
9478
5185
1000
8385
1533
3271
4935
9187
9180
2081
8918
9510
7320
6499
945
8341
902
5175
8690
816
4418
5696
8798
5271
3460
3082
89
6117
6005
6901
4248
7898
3417
1008
