538
544
520
515
434
749
846
159
712
24
769
518
850
119
179
286
699
336
728
916
628
217
666
515
193
516
212
767
744
923
658
31
713
529
652
696
87
712
489
867
69
733
86
300
126
669
995
671
748
870
727
170
309
801
46
234
237
718
234
277
749
881
114
796
71
610
817
326
239
419
67
630
127
996
791
818
758
25
867
200
971
82
155
298
574
894
468
454
750
516
121
329
171
369
882
881
897
758
998
188
281
68
860
164
719
481
515
862
853
649
516
665
469
672
886
528
665
921
16
279
354
849
773
431
30
297
923
730
606
365
384
135
71
942
881
624
526
831
135
581
138
81
372
460
145
781
513
978
336
788
296
85
787
376
214
483
756
158
978
744
59
238
621
982
515
5
257
447
526
972
712
821
404
917
353
977
643
103
217
954
930
366
663
416
699
207
595
656
394
553
795
392
682
408
513
546
7
770
210
471
935
134
490
988
236
62
173
285
271
944
89
706
505
886
172
927
314
103
662
65
828
74
7
394
192
570
878
831
466
729
738
549
237
478
685
806
945
887
643
163
507
11
334
536
613
671
633
285
635
546
789
313
622
941
811
969
94
804
926
565
37
371
729
3
262
86
456
135
902
604
991
706
766
284
373
315
324
461
652
587
502
414
122
224
582
604
460
857
109
392
507
908
32
116
577
751
313
988
492
569
740
582
275
183
11
139
236
931
637
715
836
454
51
394
971
419
441
106
125
85
95
152
326
84
554
834
669
756
200
237
859
979
576
660
943
760
906
328
119
964
289
158
8
125
971
691
782
365
470
108
109
182
223
481
324
757
43
441
942
105
359
602
490
224
131
330
840
72
125
33
777
411
198
224
543
206
740
194
472
574
183
569
616
438
422
310
376
292
512
858
37
932
338
394
235
37
941
298
690
473
143
799
862
9
997
106
748
154
599
780
104
635
962
353
674
618
699
52
149
105
42
532
440
274
625
936
422
299
178
949
163
511
319
999
491
297
573
708
994
232
802
266
145
827
427
831
425
353
379
407
669
794
23
258
624
453
757
531
274
649
580
236
151
910
233
13
498
349
918
348
874
983
991
652
192
399
64
498
785
34
206
231
76
481
59
492
853
923
791
444
13
391
531
589
888
709
73
989
953
652
602
47
569
76
949
180
841
79
492
507
336
161
872
288
533
798
825
144
736
807
6
501
575
2
529
286
914
323
651
243
399
850
200
81
136
860
892
304
507
938
394
40
258
618
270
162
140
759
687
576
181
16
618
108
310
787
582
210
206
486
844
713
702
287
525
430
38
591
136
869
980
349
705
588
727
449
44
42
207
200
24
855
618
358
24
544
908
299
435
846
411
76
792
664
677
550
850
548
269
208
465
287
706
239
194
96
561
388
999
431
998
117
683
526
922
302
985
786
773
588
970
170
289
191
850
847
599
782
849
709
456
982
656
435
438
507
320
965
660
194
298
237
85
197
781
829
250
138
381
82
629
818
71
381
456
643
465
205
915
131
411
261
436
641
731
305
9
482
138
708
873
165
932
998
463
119
216
338
305
253
50
225
32
335
484
330
768
310
754
117
781
441
908
579
271
605
12
193
397
854
991
201
870
699
755
407
819
649
398
181
490
318
369
777
918
877
943
844
291
579
119
865
199
904
144
735
181
175
794
80
221
42
826
34
315
787
755
643
372
74
125
406
42
502
999
365
936
555
954
527
411
25
351
13
544
140
530
249
487
356
208
440
791
713
260
788
841
556
209
360
491
517
632
338
398
61
389
731
552
721
494
474
79
157
939
784
562
896
301
951
154
757
631
577
889
497
594
878
140
397
836
469
52
565
327
14
282
970
790
125
354
702
334
456
467
687
338
754
672
743
606
950
694
314
520
897
7
890
3
472
759
123
19
903
47
956
601
893
447
200
80
307
63
953
597
545
191
272
382
495
193
542
929
111
18
98
161
99
3
913
332
506
814
493
311
908
400
34
372
726
193
882
752
565
810
507
214
666
633
563
697
492
300
519
258
502
325
968
516
762
870
337
776
957
857
236
302
443
370
124
72
454
312
694
567
574
178
911
460
57
752
676
737
234
190
103
487
453
502
465
743
665
94
933
780
770
726
394
469
395
58
2
416
632
763
226
736
475
462
5
150
725
696
891
961
301
901
11
124
508
930
571
627
121
761
554
510
691
276
107
5
192
56
907
320
649
588
635
134
587
881
193
174
149
878
265
980
603
876
575
653
454
106
494
641
716
160
867
127
137
653
625
744
182
504
713
488
510
812
437
660
449
6
937
47
298
139
23
275
838
563
107
470
164
89
400
605
407
656
225
804
712
419
375
406
64
609
907
243
876
44
836
600
811
160
873
442
890
198
789
660
699
906
468
971
765
259
656
677
551
330
597
465
313
426
990
189
561
609
527
46
923
307
803
329
506
231
571
513
728
969
763
638
929
433
61
840
407
562
437
929
610
203
117
713
304
73
476
413
242
611
584
17
68
388
850
54
383
936
244
747
496
329
825
700
707
199
460
503
891
105
516
604
485
773
871
576
721
802
332
251
416
507
366
152
898
692
659
788
905
920
541
527
662
531
762
703
362
822
707
462
421
406
670
712
172
546
550
742
407
395
53
552
853
345
525
508
224
242
225
417
548
542
602
945
554
87
163
60
608
148
296
729
356
537
640
931
246
430
599
698
665
4
3
927
302
438
350
194
610
69
753
203
593
581
515
711
821
153
772
218
243
969
848
901
282
452
663
755
608
292
261
174
604
954
8
84
118
366
42
515
721
372
842
785
110
78
204
242
269
699
654
259
813
939
362
867
71
322
221
702
416
777
53
944
373
244
954
616
735
681
642
655
383
833
436
675
29
807
481
905
516
186
478
817
145
214
362
165
803
865
374
377
474
433
869
675
493
262
939
613
460
312
871
833
582
361
592
760
668
144
387
583
881
237
33
705
993
790
389
749
365
91
428
295
407
562
492
688
125
205
550
112
496
114
894
21
677
478
562
691
199
454
446
981
427
786
278
258
206
640
36
844
197
847
664
215
214
390
413
210
841
755
736
338
189
298
51
975
753
692
381
527
861
511
252
491
747
301
329
967
964
234
2
169
778
414
882
465
381
617
418
522
186
215
7
529
242
327
539
951
367
335
194
62
275
60
73
420
631
725
299
296
273
413
361
953
894
267
325
444
698
117
490
516
488
691
760
15
981
510
242
148
663
452
429
741
217
54
957
170
414
534
803
602
293
784
935
346
323
554
855
184
186
581
501
32
560
265
999
296
71
220
92
824
946
852
657
981
580
780
210
548
880
424
481
389
772
55
152
977
311
522
469
496
561
185
594
255
68
250
203
972
876
80
646
513
1
634
205
374
696
797
542
742
70
2
144
760
210
615
530
470
533
771
269
891
660
113
501
30
9
266
487
715
18
670
674
492
957
153
791
753
840
931
46
37
31
971
135
463
465
636
698
777
757
325
890
56
283
704
841
117
718
123
878
804
276
468
196
471
445
59
937
439
375
4
385
315
974
228
7
44
695
872
952
198
230
956
202
95
512
615
110
967
106
958
876
967
956
402
463
297
489
298
834
864
19
312
690
87
847
396
912
498
361
661
427
824
54
432
836
558
525
593
377
718
671
433
618
659
116
370
167
823
692
371
894
627
633
438
818
262
615
902
43
662
463
531
638
921
399
954
32
644
298
478
330
148
293
730
465
612
672
951
821
604
592
251
5
162
187
897
54
484
609
363
533
602
306
390
998
611
520
66
928
413
753
116
253
100
638
404
929
979
977
447
262
752
527
750
676
351
956
539
804
968
500
17
869
864
260
268
735
984
204
355
600
197
184
457
10
247
812
45
734
346
578
143
12
688
832
452
778
608
109
785
266
802
895
678
228
351
80
196
86
390
717
277
272
781
605
186
689
641
397
936
852
739
318
806
481
970
673
176
898
835
332
428
642
863
480
367
129
325
539
560
824
981
797
445
703
231
970
951
598
754
191
23
811
461
968
474
141
714
20
673
361
972
634
661
795
730
438
917
682
584
556
194
36
705
298
203
281
759
194
879
689
47
440
856
718
924
398
100
89
158
736
429
728
828
874
682
209
413
694
761
917
605
768
998
752
22
89
330
59
494
398
526
737
939
272
317
297
210
844
707
326
502
121
354
721
692
143
789
424
174
997
487
538
313
862
600
485
353
690
577
991
555
909
592
157
650
674
169
77
705
753
735
763
583
428
858
721
478
664
58
385
66
895
818
825
779
17
123
728
843
496
199
378
49
1
579
921
462
594
429
264
607
242
652
636
126
900
398
405
254
790
71
632
599
147
74
681
227
505
662
739
357
958
701
624
268
243
950
77
133
914
749
760
826
332
419
960
669
287
765
494
816
964
748
372
489
587
914
290
753
538
315
447
255
58
919
309
753
196
923
172
912
969
313
147
536
911
862
933
82
340
319
702
243
58
210
688
460
773
216
670
765
395
648
245
313
763
470
490
170
169
64
125
932
559
411
738
856
755
529
595
211
107
343
828
903
66
208
175
115
776
955
796
581
734
543
645
977
612
57
225
39
686
361
445
677
45
190
728
563
98
317
406
112
479
657
920
14
810
296
868
414
456
693
176
338
345
121
280
397
380
709
94
345
51
174
266
141
755
910
843
203
463
627
923
663
164
433
471
290
950
851
122
108
981
408
632
193
503
393
696
656
384
99
214
617
741
976
922
805
360
340
491
650
806
598
740
378
863
55
901
899
588
554
458
784
161
936
550
127
992
885
305
484
416
604
500
984
1
666
425
902
825
226
717
384
984
830
763
745
820
493
127
519
321
535
144
257
445
388
428
931
80
288
304
172
498
792
727
260
695
257
681
162
856
962
493
112
532
72
259
559
553
113
440
652
756
206
761
247
668
277
102
689
773
193
443
844
771
391
461
999
428
312
151
700
163
584
333
586
506
877
719
509
630
403
351
830
661
815
866
626
320
777
173
467
902
982
842
80
470
627
353
512
817
235
351
62
66
998
947
888
897
315
113
905
715
909
334
728
198
833
210
858
567
635
570
20
933
432
697
560
352
997
467
427
590
472
485
165
680
782
571
758
74
55
927
991
467
802
282
266
935
648
514
577
436
992
916
216
354
119
320
142
119
929
40
347
583
702
541
925
536
316
464
354
443
429
10
848
651
27
625
238
303
316
886
642
392
173
83
271
648
498
470
869
787
518
327
26
488
46
550
72
502
184
750
570
882
890
17
915
31
940
122
378
642
493
851
830
507
304
481
904
886
498
464
321
871
282
854
473
244
443
876
356
712
642
564
888
240
352
842
43
418
482
706
476
29
196
826
183
970
584
525
269
540
877
610
222
934
297
26
316
342
495
969
731
34
981
8
604
582
105
461
515
424
414
120
945
257
240
515
48
612
520
589
128
366
719
242
436
445
441
771
666
350
926
959
997
420
31
264
273
324
33
239
752
721
543
284
471
912
92
79
268
523
695
516
785
430
715
919
951
222
836
106
497
391
429
917
182
229
216
890
410
977
817
636
350
578
256
116
139
684
672
889
701
497
826
650
517
788
462
156
235
432
152
320
725
740
271
967
697
498
24
643
163
878
156
890
382
343
152
21
959
140
988
144
576
913
404
195
976
416
380
749
462
563
285
589
286
447
128
80
659
801
653
553
629
621
881
259
797
108
306
690
991
134
961
43
128
486
340
74
779
899
149
162
716
39
967
548
510
206
263
997
656
510
22
120
195
446
951
692
836
538
911
877
188
152
133
692
955
401
475
906
810
554
949
94
915
100
268
221
92
376
866
453
912
491
461
885
331
93
790
745
847
80
323
493
794
534
455
280
695
11
207
356
920
552
806
552
987
928
684
961
39
861
108
869
489
774
436
883
325
666
728
686
415
232
320
703
22
134
176
204
804
945
247
927
849
110
591
929
286
982
4
700
625
64
892
89
7
495
506
990
494
976
10
654
762
940
401
906
699
126
561
292
121
990
600
304
261
52
384
381
46
271
255
6
335
669
440
1
717
430
766
828
77
544
785
56
180
134
76
955
532
202
462
462
651
264
750
919
205
555
488
39
112
166
611
974
133
804
541
706
614
743
870
569
457
395
342
931
831
645
611
722
404
72
992
629
960
822
913
381
206
753
766
102
562
830
405
847
830
820
229
293
123
923
463
772
143
908
135
564
656
468
431
968
579
782
946
985
616
197
786
249
545
444
155
109
27
340
550
71
798
657
65
425
366
762
922
68
81
385
198
933
59
721
490
195
893
560
303
6
239
162
121
27
225
260
971
762
601
946
953
575
563
63
772
813
880
516
614
901
248
304
135
903
85
678
526
714
628
18
485
516
717
334
995
825
655
201
974
884
292
143
264
57
597
450
923
57
505
728
460
26
157
118
288
37
117
396
239
169
564
265
805
12
435
565
951
575
266
520
362
442
295
426
974
275
421
844
976
916
992
364
454
366
15
493
583
250
169
519
522
481
1
393
784
343
530
921
412
54
136
218
200
981
76
536
402
315
969
819
700
656
129
852
927
406
631
58
431
408
866
882
79
382
794
678
567
149
504
421
258
38
474
273
918
793
191
317
780
525
973
111
657
771
493
858
555
592
191
933
943
733
614
204
387
350
789
609
329
769
69
162
525
878
29
239
682
547
270
526
832
741
28
555
463
896
828
745
941
755
475
411
436
422
370
345
332
806
874
376
160
905
522
590
868
685
401
734
570
723
426
974
93
622
885
470
187
370
744
807
317
779
269
217
14
960
785
519
60
275
331
769
740
237
953
21
968
848
690
939
54
514
693
371
25
65
