205
861
332
341
713
426
842
28
59
895
421
744
711
120
89
817
997
59
917
397
512
649
669
811
908
619
473
502
452
175
973
330
92
397
143
336
805
186
676
341
336
437
96
526
426
222
771
315
486
418
543
111
638
230
403
95
526
157
44
543
211
195
417
553
223
748
487
398
399
811
916
324
700
278
816
430
948
665
137
15
363
362
693
80
544
686
32
572
267
504
760
559
450
943
878
642
626
949
492
618
507
834
922
234
261
619
533
405
673
963
966
631
573
328
454
909
944
972
211
540
845
994
973
194
744
258
151
439
456
142
432
685
142
663
139
258
91
175
337
452
273
19
720
953
999
246
630
947
371
913
315
912
374
626
991
687
651
879
706
233
390
11
532
379
504
351
295
848
664
763
376
12
384
80
766
923
821
786
668
864
808
187
315
268
373
253
410
489
234
961
775
413
132
721
104
549
385
207
255
393
602
799
187
241
953
530
290
954
600
653
310
705
550
711
871
233
614
158
787
957
381
954
935
978
731
267
184
416
393
45
503
479
997
786
697
284
946
142
910
539
140
124
490
33
732
392
264
626
24
389
247
156
634
38
510
780
502
525
626
347
674
810
683
39
838
960
536
63
125
748
90
122
448
333
375
236
210
666
156
840
752
544
810
247
942
988
888
169
528
321
91
272
758
21
684
838
155
118
139
682
161
771
214
561
96
609
376
700
846
873
643
861
121
33
648
40
62
542
782
748
688
779
632
314
200
212
967
628
167
67
163
593
509
364
938
788
295
929
381
178
462
355
471
750
816
936
745
120
879
655
383
423
672
279
795
328
11
306
636
203
876
605
673
977
149
402
922
495
615
527
3
481
817
492
674
892
248
921
489
965
685
251
896
817
817
398
972
298
172
122
628
966
332
686
160
518
780
586
430
536
698
366
739
853
781
814
77
167
349
778
249
521
695
723
331
617
420
729
360
141
580
789
333
32
144
493
711
82
305
371
302
263
661
707
812
252
653
215
31
150
789
598
40
450
501
466
675
162
187
952
122
407
161
385
837
900
166
180
758
397
987
514
381
362
563
378
200
274
358
866
555
731
485
139
369
39
159
146
556
625
791
424
956
874
307
590
176
398
923
173
144
922
700
286
422
636
53
704
554
860
66
498
362
26
877
511
421
3
837
815
299
22
794
731
19
895
793
256
376
911
375
170
564
988
48
276
656
596
76
261
653
284
99
271
995
84
403
822
19
341
870
957
436
701
265
765
691
511
751
365
994
823
800
121
756
521
912
265
512
70
807
607
962
885
189
105
812
567
386
136
730
581
247
227
935
603
405
224
178
587
109
914
47
726
482
482
750
203
958
818
538
508
546
864
863
854
99
979
957
385
65
38
848
199
984
12
207
365
803
233
369
536
676
692
967
695
345
334
564
372
967
590
466
773
741
685
216
392
661
454
498
223
252
602
359
669
201
472
532
867
960
747
708
818
429
807
543
821
304
615
68
682
971
420
532
348
640
470
932
949
991
844
340
161
327
634
759
819
999
647
265
710
931
628
372
732
361
842
470
661
76
963
173
405
703
159
42
566
691
626
211
951
923
11
914
228
318
978
647
715
553
997
464
524
355
188
714
148
606
239
888
401
450
498
476
144
839
450
715
455
367
918
900
6
923
508
693
564
757
407
279
786
21
147
505
20
263
341
677
941
478
594
346
410
475
54
954
897
110
657
627
857
348
48
88
150
271
912
835
186
305
385
950
510
576
61
702
210
63
153
228
564
684
425
159
648
94
886
97
99
603
857
276
464
831
780
95
759
898
242
966
734
933
143
866
724
328
297
592
697
185
878
691
66
780
443
63
476
569
831
611
545
768
35
964
99
171
29
156
507
893
945
554
461
337
832
640
904
195
110
574
931
258
225
744
229
697
59
189
830
259
2
736
548
215
193
989
580
510
59
141
294
702
674
42
410
761
21
640
738
874
29
851
379
409
671
650
367
140
706
120
126
280
92
667
366
311
233
278
369
177
282
913
411
407
20
782
315
300
300
728
364
774
338
617
167
759
628
884
549
342
408
966
885
932
872
499
954
386
772
42
354
654
301
234
872
581
674
599
409
292
349
315
98
456
163
415
204
438
347
698
317
85
644
520
441
568
638
930
242
332
397
926
35
286
839
693
185
927
378
889
231
785
951
507
306
584
734
189
184
315
976
140
891
133
247
641
91
453
448
573
638
937
156
675
210
652
280
861
330
151
112
783
903
974
809
437
16
29
959
582
335
805
725
886
270
102
250
9
951
104
181
545
970
305
406
677
194
205
161
539
836
933
260
234
570
115
761
45
781
468
336
252
694
274
462
319
996
67
703
274
439
53
337
784
356
371
632
586
555
907
646
896
476
451
42
620
363
122
537
837
356
733
13
5
244
461
433
528
220
616
615
815
275
531
283
183
159
446
385
684
820
480
123
891
496
865
277
370
504
129
778
978
496
943
57
739
690
863
494
85
42
479
710
856
362
310
816
359
557
585
458
475
258
682
481
83
250
472
437
869
754
458
551
471
923
678
470
500
146
928
701
11
91
204
988
59
499
56
979
460
414
634
276
712
640
167
480
805
538
807
963
548
847
806
781
32
12
967
962
202
940
600
626
380
908
79
322
38
736
487
285
526
665
450
663
627
779
376
157
816
484
200
209
605
590
444
588
398
790
489
391
471
360
173
174
846
693
383
719
274
530
258
264
558
82
386
708
671
891
356
98
317
49
738
830
389
424
152
274
943
734
543
365
379
8
613
572
591
151
118
292
899
407
139
560
939
160
240
537
625
643
566
378
295
359
64
948
246
668
762
818
531
655
348
346
452
632
500
759
265
151
747
769
39
361
463
963
955
119
7
49
750
204
255
314
28
702
580
714
725
666
869
469
849
455
912
139
821
421
573
215
174
263
93
10
575
426
81
755
196
831
934
515
397
374
975
62
700
521
810
832
932
849
222
100
345
156
395
299
560
590
49
167
754
538
420
228
979
522
470
986
642
819
284
141
703
396
603
561
601
475
946
268
734
117
674
498
426
149
911
534
143
993
447
571
586
775
100
528
89
275
266
89
153
965
257
612
995
755
833
472
784
595
523
145
920
195
144
287
248
707
157
12
385
927
637
902
617
147
692
259
478
643
216
256
754
803
693
969
159
716
441
82
566
747
580
678
505
889
658
111
855
277
100
336
763
865
432
756
601
604
659
320
924
766
162
114
863
306
36
518
239
226
563
647
859
820
841
623
9
450
89
942
502
784
291
772
567
499
255
706
739
445
779
997
17
473
269
130
984
191
646
365
227
55
160
356
810
520
402
248
130
308
127
147
580
809
465
784
257
981
996
243
838
788
344
151
915
56
589
813
932
446
656
598
507
771
451
17
586
766
289
373
596
519
959
286
912
833
129
148
217
184
552
850
172
154
653
238
128
137
571
435
70
514
674
678
57
262
535
508
519
316
748
706
140
345
685
528
411
985
685
746
51
727
514
137
993
242
172
693
27
17
786
310
957
483
823
575
252
819
552
932
714
735
899
551
404
683
41
956
514
599
63
667
954
776
885
631
653
34
857
664
883
992
858
174
57
252
565
935
236
397
184
593
284
753
436
544
934
516
663
295
702
844
542
9
131
318
747
310
261
395
136
15
788
366
342
859
196
768
241
767
483
363
954
125
828
912
780
857
721
655
715
992
330
397
808
495
226
213
905
455
923
331
732
224
910
94
404
52
949
365
582
299
677
912
815
75
309
708
727
600
15
729
472
994
615
545
642
567
814
62
772
274
804
295
254
692
538
848
904
812
851
881
204
55
668
828
603
310
114
661
713
34
567
196
858
328
558
256
617
900
374
530
654
795
773
762
777
682
105
327
33
177
155
222
225
654
3
3
153
837
997
310
774
759
807
572
35
589
186
650
928
955
475
368
841
836
723
809
3
200
699
643
144
888
755
255
142
959
149
3
343
492
773
583
451
842
592
609
514
615
938
278
385
961
930
990
114
484
134
80
29
915
495
286
695
692
200
240
417
858
66
823
79
468
987
958
37
59
717
938
534
956
463
168
683
58
271
267
154
897
769
666
309
544
897
928
598
935
384
35
169
282
662
309
443
985
524
793
782
734
810
230
673
755
151
640
910
983
332
21
707
243
761
386
217
186
566
526
663
156
301
484
267
274
5
462
395
43
982
356
902
444
106
627
105
290
221
289
903
663
724
237
89
275
458
652
702
544
168
347
910
833
707
757
846
639
190
878
107
10
199
530
421
100
770
430
465
591
939
157
933
546
277
35
291
251
615
535
824
164
349
21
857
347
878
122
280
582
336
341
838
667
787
946
2
654
104
56
387
570
364
295
677
847
378
638
337
86
753
990
217
177
938
328
775
276
998
186
791
881
171
948
224
884
257
749
887
173
538
809
817
776
865
737
248
13
805
818
119
35
16
230
151
35
40
160
779
698
653
941
384
912
347
977
763
469
812
759
307
988
478
508
468
325
428
860
689
905
66
752
830
159
939
298
712
255
833
966
452
325
781
162
274
602
674
973
445
192
842
719
401
512
829
44
906
900
78
508
414
379
634
147
116
856
988
757
794
439
217
58
305
112
1
728
710
790
899
629
926
747
151
238
446
191
567
719
701
254
414
716
610
906
442
77
820
598
235
304
336
790
253
109
422
223
377
182
769
694
522
169
774
7
875
715
638
150
517
115
204
429
782
420
575
957
573
704
481
767
632
967
741
55
10
463
590
753
300
299
383
413
288
979
695
972
2
210
930
220
588
491
355
365
474
640
75
113
500
72
839
177
124
859
807
153
28
52
321
655
936
20
799
796
536
370
821
840
442
461
523
307
74
446
921
120
816
583
22
469
280
744
363
689
516
879
464
953
224
373
776
937
506
417
891
349
707
622
200
624
76
136
256
548
874
74
210
841
310
521
921
600
335
134
90
237
255
239
483
451
198
698
36
108
482
772
268
609
937
35
516
994
135
878
267
221
264
210
253
881
199
850
707
219
82
28
135
756
714
252
528
201
631
149
692
753
697
556
955
90
32
405
16
696
601
622
835
2
741
754
751
992
821
317
366
784
173
457
231
242
611
560
239
975
757
816
268
721
889
89
631
636
619
854
949
187
714
532
157
799
732
34
574
667
579
556
949
984
564
871
42
573
821
715
796
281
157
308
736
42
434
199
54
628
145
511
988
161
801
293
514
251
298
968
617
589
905
199
588
684
430
133
912
330
394
152
822
663
762
796
906
885
340
316
267
584
860
383
458
657
74
48
398
131
450
452
957
957
231
383
599
471
826
880
552
877
279
241
946
86
123
791
381
655
115
272
331
191
262
828
772
61
799
910
991
348
832
948
85
536
13
237
223
63
931
853
53
336
615
356
744
563
844
666
498
675
364
759
477
201
93
976
783
963
113
783
920
652
437
97
377
77
40
61
29
142
52
913
766
518
423
785
23
564
312
273
404
773
138
553
296
388
766
146
860
467
802
276
19
788
458
848
788
148
548
156
501
122
991
316
114
218
301
613
554
433
361
232
59
321
102
706
220
541
466
830
253
369
314
500
673
297
737
696
928
902
244
840
683
591
304
462
446
112
346
199
520
918
998
164
775
618
137
81
740
847
956
164
917
115
901
651
24
429
302
685
374
525
444
578
719
206
621
177
27
248
501
290
467
190
785
576
242
325
142
589
621
362
865
370
184
750
260
244
532
523
826
784
913
358
43
253
392
105
330
361
399
630
904
203
968
209
856
801
28
995
405
194
535
307
302
834
737
463
180
389
180
17
320
717
925
645
762
194
771
864
210
74
681
739
200
162
825
466
933
624
993
389
890
418
692
863
233
922
494
408
763
506
146
850
588
858
875
428
742
562
38
337
910
713
148
529
499
623
477
61
998
640
821
204
545
763
792
331
914
747
717
782
847
958
171
187
951
288
807
567
954
510
486
205
691
519
34
944
693
821
679
639
42
248
664
982
69
497
93
639
657
268
236
700
862
831
681
415
233
639
7
365
34
352
465
119
220
495
736
837
231
578
475
24
347
909
926
14
571
536
354
394
442
800
250
392
249
729
749
357
460
655
317
458
220
850
812
930
426
793
878
456
892
89
225
873
315
256
910
816
864
945
834
813
329
944
213
283
305
871
551
959
469
777
973
667
420
726
185
318
286
103
444
848
428
256
704
968
669
730
716
921
358
264
531
83
356
352
460
353
750
722
570
206
490
428
869
500
86
764
539
342
112
432
568
958
304
6
717
187
520
969
15
728
776
57
771
588
903
233
2
607
802
67
791
524
300
843
444
308
837
86
753
465
622
653
653
708
827
932
654
112
940
542
237
892
885
513
614
829
23
719
967
18
285
836
568
933
224
393
668
554
450
901
412
799
748
755
711
730
557
814
868
659
257
500
962
595
469
273
916
589
942
937
61
920
819
602
469
879
463
608
697
468
701
615
56
371
417
419
597
564
758
512
144
966
289
873
542
643
442
833
995
975
270
722
636
494
343
362
677
567
52
329
690
278
105
757
50
883
885
779
740
520
486
31
415
67
17
43
164
31
431
676
260
7
119
233
209
330
475
659
262
889
916
845
251
347
336
300
629
319
765
986
472
686
665
781
345
414
654
595
677
425
552
509
952
697
932
531
103
112
37
903
561
79
216
123
227
946
9
13
884
494
246
220
255
537
91
604
837
68
90
222
18
500
98
881
222
481
518
735
564
319
265
158
863
529
242
176
685
153
232
461
335
384
171
962
538
509
517
412
35
890
590
669
596
974
999
219
855
70
290
667
516
102
278
800
626
162
545
532
786
655
535
570
301
152
639
183
107
846
166
133
805
688
812
553
59
485
865
692
9
133
536
979
766
696
132
626
966
88
982
877
260
203
196
801
774
557
830
252
806
418
104
887
127
330
980
599
342
129
185
373
382
123
452
770
567
616
454
224
224
462
690
242
671
738
426
579
546
183
457
707
983
30
609
199
943
96
727
764
261
290
64
412
213
716
705
146
586
616
793
748
763
33
646
360
165
281
499
207
508
280
339
665
830
171
150
551
129
492
387
70
983
486
90
160
216
922
813
338
382
344
584
29
884
786
130
883
711
20
38
483
303
236
131
453
464
238
665
787
410
914
437
28
921
798
4
697
359
659
868
981
759
665
909
927
445
565
825
840
996
642
358
994
999
267
518
675
276
875
765
885
403
12
15
992
262
89
256
303
712
63
885
477
982
75
732
838
925
135
13
150
345
40
717
458
604
361
102
384
414
760
600
636
872
857
721
74
929
270
163
472
257
825
332
326
244
598
322
488
798
638
821
350
121
837
127
180
933
914
121
735
283
925
984
52
973
644
724
10
70
145
600
744
39
166
206
852
361
938
430
932
880
128
32
744
708
673
798
590
481
831
693
107
685
37
942
577
732
573
815
426
175
660
508
697
207
45
153
119
11
731
598
873
206
428
287
606
360
595
132
908
860
421
118
605
77
26
346
148
995
616
944
125
5
81
444
505
487
156
931
468
965
417
401
626
312
670
101
887
20
438
844
405
662
154
295
619
144
211
275
762
79
63
427
884
702
427
752
250
768
336
621
846
417
757
416
212
879
736
427
936
349
248
489
682
100
301
155
632
10
669
500
589
402
456
430
355
226
633
461
494
845
8
681
409
487
462
972
990
929
415
905
958
376
245
990
881
953
58
490
653
203
3
942
422
744
935
675
794
990
749
289
759
582
860
552
323
90
886
369
365
426
415
84
694
584
450
191
43
759
230
903
317
904
647
784
500
682
646
351
652
510
572
271
218
772
538
294
339
228
733
273
462
813
70
712
63
636
135
337
770
221
50
228
958
955
532
651
491
165
508
653
589
318
237
722
535
431
622
329
958
802
699
254
496
466
97
629
800
108
425
901
808
715
56
38
487
387
735
888
481
237
503
149
43
189
807
396
124
933
418
416
875
912
809
541
504
424
102
374
4
18
660
544
468
352
380
342
63
863
312
747
783
700
797
317
596
477
45
247
191
265
962
123
15
47
555
214
358
907
983
835
973
519
900
986
168
38
66
908
356
632
267
404
338
76
858
874
480
307
578
85
271
364
957
211
529
772
465
921
724
406
520
949
607
636
863
142
112
813
553
343
605
858
722
752
186
439
63
447
968
693
479
301
279
825
922
105
90
853
209
286
855
703
497
818
621
767
653
744
206
126
186
363
264
374
968
808
487
354
897
468
455
619
771
158
929
573
434
340
266
2
910
750
542
396
987
113
663
59
120
263
139
51
917
495
6
190
323
475
17
155
618
874
82
771
117
316
204
166
215
790
229
963
701
58
969
878
834
204
812
780
139
759
308
137
484
814
851
481
75
564
927
595
948
870
520
269
467
662
967
924
283
899
208
114
599
470
9
666
132
230
751
322
71
192
616
6
157
73
229
307
732
704
938
49
358
90
710
425
980
125
58
573
833
398
197
860
340
277
370
808
536
767
434
19
906
260
185
120
538
597
974
43
372
205
749
12
150
921
666
692
533
967
361
824
74
624
232
492
896
633
2
462
404
244
807
705
2
715
973
259
680
816
486
497
943
256
562
591
763
678
713
707
407
340
909
927
718
321
445
312
574
34
199
823
269
658
330
555
215
712
448
175
248
692
446
442
970
440
10
388
505
846
673
530
581
120
159
717
508
945
245
89
44
121
262
442
784
213
421
277
183
743
667
968
406
894
158
861
838
796
623
471
352
327
65
476
140
810
245
44
726
488
865
698
931
104
218
735
869
283
740
422
196
181
54
272
308
705
880
592
968
258
741
491
413
879
909
101
562
449
581
615
765
700
154
479
483
374
468
87
381
93
897
893
178
856
534
695
49
150
1
748
368
662
920
100
310
566
97
942
862
376
619
530
895
822
524
556
244
859
913
522
732
357
377
473
478
739
286
649
154
853
652
194
87
763
975
14
468
860
16
61
945
785
507
10
688
850
817
890
755
785
661
864
218
808
760
180
240
842
609
327
940
790
75
951
760
970
483
48
748
740
967
544
926
356
852
663
119
166
941
849
880
721
987
144
436
292
638
918
211
30
490
713
370
839
757
