342
399
574
767
931
871
868
894
810
457
666
183
965
658
791
266
741
636
984
224
703
11
859
602
127
147
959
759
237
136
653
488
945
462
363
815
646
954
988
813
852
880
382
681
622
739
972
27
358
20
619
166
808
323
636
184
824
321
387
702
954
826
678
129
67
971
564
252
280
388
958
570
353
681
14
816
808
313
8
632
409
493
524
581
630
831
721
496
883
816
599
628
847
36
319
234
960
710
976
578
439
958
732
865
389
31
766
935
498
984
984
695
288
807
962
998
266
101
245
343
493
995
396
539
407
579
473
461
301
473
475
880
278
170
210
931
419
874
999
463
570
672
5
468
77
770
478
242
500
634
659
423
55
783
575
395
299
801
425
264
787
692
938
434
516
214
621
981
668
180
685
872
959
337
401
629
513
171
686
906
800
945
702
489
1
796
78
623
552
658
585
245
872
712
757
177
82
505
374
166
175
387
884
138
466
497
270
159
883
775
155
244
835
604
884
186
308
811
630
253
361
171
447
937
609
578
932
803
513
648
650
763
315
223
333
421
911
267
121
94
923
975
671
939
533
270
932
493
391
606
991
322
819
104
484
581
21
205
121
629
909
200
995
219
312
788
485
144
106
884
290
917
191
895
637
715
811
159
179
429
70
122
279
694
561
375
958
390
369
803
502
299
197
895
482
630
429
754
284
662
730
193
83
563
960
711
607
359
256
275
122
697
920
371
95
868
174
145
422
391
970
263
462
970
47
129
295
352
250
105
897
818
953
262
634
507
354
32
692
603
544
238
946
453
379
636
261
599
832
854
823
310
687
616
112
853
637
523
201
135
733
189
914
853
624
931
233
234
606
547
867
25
581
311
981
436
142
304
534
29
224
758
322
744
700
725
3
206
416
581
243
849
228
164
915
426
114
378
337
728
980
259
562
580
918
598
720
977
640
205
526
193
345
375
696
270
185
549
371
572
120
860
774
513
281
966
943
100
171
516
659
561
168
887
109
452
506
486
2
522
12
482
673
438
647
608
420
843
529
521
831
114
542
400
263
535
114
804
605
819
889
83
130
177
515
269
265
347
89
504
595
998
792
399
457
97
195
198
844
938
252
520
203
112
26
811
522
388
885
463
265
546
820
531
490
589
879
599
722
475
995
147
36
91
406
133
442
675
518
60
241
644
697
958
453
797
654
847
756
376
171
655
688
309
295
727
431
130
139
181
737
373
72
703
360
159
410
212
95
534
460
958
237
226
752
516
163
320
304
769
785
363
533
318
278
808
121
946
838
579
725
162
218
605
399
3
358
850
484
121
524
377
292
319
344
180
246
780
657
309
45
301
614
123
928
409
444
41
573
3
980
533
341
874
152
340
165
254
232
425
441
824
938
989
83
154
446
244
436
821
47
893
126
886
1
187
32
579
786
8
249
43
565
139
594
481
170
567
640
261
526
571
909
788
863
567
42
125
258
683
784
867
645
265
185
145
98
369
36
806
428
319
113
866
550
906
78
247
944
500
674
273
585
977
726
922
395
601
822
936
203
66
590
335
718
748
882
780
264
768
560
293
348
463
467
945
283
114
460
45
581
835
558
566
479
255
89
416
57
247
934
349
884
632
667
922
144
665
293
711
54
175
396
703
169
838
813
805
590
684
853
835
319
822
816
796
911
689
644
113
1
320
385
614
680
492
140
76
520
392
973
568
954
787
723
125
658
646
42
559
442
686
540
48
955
965
402
318
553
325
28
953
30
377
971
292
894
154
595
34
412
678
825
690
772
75
705
870
467
317
629
777
720
299
431
974
996
383
775
651
150
105
804
589
431
937
741
591
841
387
198
584
485
268
351
842
632
389
246
143
217
413
61
440
836
52
428
744
218
161
212
808
866
351
117
708
444
67
980
521
635
613
661
597
495
761
583
29
313
7
984
504
706
445
851
156
733
368
997
173
396
228
154
735
413
921
893
321
921
107
605
481
404
585
612
415
852
407
692
566
797
457
708
342
176
476
425
313
264
608
871
527
428
858
773
963
123
79
775
585
955
992
690
618
497
452
408
950
57
945
421
498
777
869
212
272
135
28
769
75
165
425
474
295
183
730
63
390
105
130
711
319
315
889
169
260
501
415
511
70
526
793
106
336
560
156
196
542
605
471
495
986
720
439
300
150
925
824
391
3
846
850
171
242
633
104
813
857
314
462
826
734
329
890
336
605
670
446
180
344
899
816
680
712
168
838
526
940
181
948
200
442
735
390
254
310
232
740
637
215
585
670
647
281
628
415
701
768
215
548
46
661
113
996
536
786
744
338
38
473
468
796
159
192
98
979
309
155
320
981
290
879
165
521
296
805
691
594
44
854
735
114
808
730
946
157
560
843
162
86
313
950
129
890
863
734
648
535
883
465
975
118
852
34
46
486
311
637
365
397
431
18
715
972
172
993
308
20
620
934
122
967
243
540
979
200
676
571
114
643
880
603
289
185
384
622
359
971
571
953
522
288
919
826
901
726
328
597
614
638
276
935
257
572
123
773
192
170
293
432
508
98
398
975
794
293
763
312
636
135
229
73
945
992
320
161
503
894
308
296
94
358
249
389
326
907
255
451
549
133
575
761
753
869
703
364
808
490
940
188
759
166
771
714
511
643
481
188
6
166
415
791
478
556
321
413
774
182
509
410
209
367
425
446
477
125
777
565
845
267
659
131
937
470
69
758
380
938
318
886
293
754
730
769
832
829
102
562
258
159
85
41
801
897
791
797
564
102
807
951
666
732
436
747
869
194
904
875
401
121
8
213
952
130
918
608
41
931
369
574
530
863
704
535
275
72
309
516
795
249
339
400
174
531
104
742
240
903
22
80
849
899
213
578
515
265
865
958
482
75
392
361
780
634
131
53
992
136
816
611
914
230
726
723
123
319
750
805
259
350
618
637
172
855
742
461
607
155
416
735
373
993
970
569
666
597
305
851
103
727
459
12
69
915
213
991
182
746
603
424
400
656
350
533
735
491
673
927
536
108
557
427
897
718
892
546
532
732
130
584
992
827
143
159
790
423
546
628
866
464
791
514
566
106
897
229
142
233
273
816
648
498
28
509
674
147
459
962
719
568
150
290
450
547
78
778
227
161
378
120
418
801
511
787
957
498
684
462
142
118
127
1
621
608
364
920
701
85
221
65
62
870
918
993
148
86
494
977
614
728
943
72
801
767
56
806
543
868
965
113
870
382
856
824
225
774
549
418
273
619
897
367
24
620
563
439
814
696
182
118
510
196
321
245
142
606
58
513
232
696
757
289
134
371
669
664
258
327
614
154
272
636
571
593
196
303
280
192
312
629
859
20
889
37
162
948
664
361
794
51
785
403
24
449
764
726
461
570
713
353
907
511
886
876
507
593
777
140
343
412
392
649
480
314
307
465
607
809
651
637
673
695
746
442
592
294
827
760
412
533
105
988
655
423
462
842
680
173
143
241
463
852
948
756
904
291
684
323
980
153
640
731
194
361
404
348
201
109
314
414
779
989
951
828
779
930
651
547
612
564
100
220
394
196
522
965
49
297
910
134
630
194
729
36
98
603
969
419
978
941
66
3
342
33
60
434
113
775
783
990
389
959
969
660
177
407
123
715
438
305
865
87
368
179
379
711
381
886
259
483
589
92
379
781
555
419
87
692
993
282
229
919
110
355
341
562
47
911
778
314
556
723
841
669
843
254
598
155
936
741
14
623
988
979
220
409
689
856
942
858
511
909
290
828
982
836
243
834
111
649
286
101
46
158
971
820
578
162
641
777
86
664
994
562
909
742
673
618
455
22
286
821
565
624
234
594
155
268
258
423
326
719
254
391
489
102
896
988
256
601
539
226
530
810
659
672
446
689
875
724
272
637
264
421
776
47
102
902
333
723
315
504
360
654
982
489
218
590
947
825
369
441
508
544
42
37
307
213
362
94
104
528
611
819
84
860
332
571
477
350
606
880
97
383
456
219
236
830
978
366
928
840
275
346
143
842
76
719
196
382
552
262
721
73
90
275
12
48
10
69
160
367
798
748
89
969
728
648
347
176
969
71
809
72
525
514
350
576
842
498
94
257
480
699
479
718
854
867
444
175
327
616
879
7
928
327
658
886
18
998
483
131
938
30
396
411
343
622
90
32
964
804
620
755
283
253
325
595
872
497
751
451
428
660
186
812
925
278
730
278
996
970
350
304
220
745
713
352
282
143
89
952
776
777
463
438
238
527
692
358
988
701
680
443
537
815
69
149
793
698
584
72
959
122
912
471
399
917
35
284
284
397
984
277
464
635
714
430
708
42
471
83
700
500
602
36
102
41
92
299
226
758
390
884
460
107
1
854
286
374
960
184
470
98
59
467
839
71
149
627
969
481
562
915
832
578
144
476
744
925
558
914
973
964
284
991
186
671
736
604
304
481
490
81
13
280
48
534
334
467
487
514
796
295
851
509
603
896
649
744
191
425
562
605
845
613
64
579
242
249
184
660
829
626
859
243
911
676
216
386
502
550
14
468
295
114
731
837
55
45
959
779
969
316
284
822
434
860
465
770
125
845
130
734
291
472
125
626
363
727
761
112
472
820
401
676
773
26
345
109
534
856
123
806
218
392
505
553
469
139
482
144
139
147
451
22
910
375
216
712
271
288
306
169
855
822
649
176
427
131
786
334
342
609
268
660
18
664
480
3
6
756
872
316
252
706
805
336
201
663
187
633
836
452
931
150
660
876
185
492
708
483
232
867
920
984
805
310
519
209
957
833
576
925
877
506
747
667
573
204
414
228
10
32
294
447
60
741
950
415
15
237
864
884
589
528
458
968
231
698
188
875
471
572
746
161
633
152
662
639
386
178
592
966
45
667
937
280
231
949
714
48
619
873
892
608
918
218
285
632
121
11
146
648
403
941
684
672
756
538
220
355
276
619
337
59
262
737
693
708
417
614
478
163
236
579
74
242
820
439
974
416
144
809
795
317
433
282
444
177
922
202
743
134
529
751
403
681
736
985
241
345
802
317
95
298
10
327
7
346
34
695
661
305
601
261
395
897
718
780
244
636
651
53
280
353
96
719
139
286
312
184
391
670
51
121
298
584
590
291
100
468
714
293
27
657
618
821
263
493
638
101
893
731
605
831
330
317
197
22
961
481
309
635
154
445
297
225
30
822
846
854
16
380
385
946
448
903
826
415
252
572
509
138
905
514
465
864
159
92
739
175
203
443
984
56
40
344
310
729
630
667
755
815
97
942
450
88
2
300
316
440
844
987
336
296
338
30
854
461
187
26
928
699
312
380
765
625
278
739
464
563
885
628
814
577
617
99
152
317
402
517
2
579
746
377
261
454
873
68
291
970
341
78
503
622
228
45
928
116
902
444
217
326
494
760
450
807
984
909
790
530
577
681
193
718
441
352
341
309
790
777
680
602
194
697
314
816
501
28
801
809
216
528
982
193
688
477
649
244
487
653
418
847
598
225
184
297
361
142
490
105
508
384
869
124
147
381
762
139
641
239
142
930
540
986
208
119
703
476
424
378
179
158
120
641
118
835
793
351
323
140
165
336
182
669
679
194
179
157
866
270
21
506
189
638
34
374
717
115
758
509
836
363
441
316
272
927
893
732
801
63
695
474
442
695
883
784
235
854
892
530
514
100
221
189
507
834
772
265
314
256
448
482
756
901
560
33
601
408
916
522
272
766
105
128
586
154
714
815
220
302
588
865
794
165
854
739
378
119
96
881
386
5
350
228
487
252
345
581
308
569
122
731
353
687
411
155
321
773
283
673
316
552
395
951
419
117
651
219
595
805
388
277
292
951
163
393
3
526
348
827
159
396
311
935
638
439
536
28
806
57
737
333
587
661
514
355
622
203
905
715
512
485
489
109
732
56
54
894
608
249
770
818
825
614
410
368
395
398
443
683
717
559
355
677
458
987
522
356
216
852
205
333
950
94
423
268
546
189
8
416
97
39
482
63
633
453
99
972
446
740
640
467
750
414
28
804
231
704
604
285
410
987
667
802
877
168
831
940
89
369
430
838
942
97
141
463
346
489
647
901
665
562
185
279
526
429
274
220
369
541
92
551
81
150
187
48
657
785
599
603
375
372
771
351
780
424
909
90
420
186
882
193
681
735
712
912
800
267
563
907
184
292
873
32
475
349
336
340
645
903
397
99
889
352
288
294
582
772
317
257
594
163
660
557
532
146
861
812
297
955
839
939
124
200
912
17
674
204
278
724
846
421
810
18
324
373
577
305
830
462
582
929
58
741
333
954
114
55
206
107
536
460
748
885
104
403
257
745
87
677
484
157
465
642
84
687
583
836
943
732
203
375
511
558
496
506
496
644
163
509
8
480
882
41
194
733
13
829
500
769
387
856
147
675
867
996
52
381
291
529
945
979
278
724
1
376
42
860
298
5
259
620
811
664
77
484
365
759
718
719
789
46
410
627
344
186
418
277
278
280
533
867
510
610
377
448
252
353
986
92
993
716
476
827
793
347
532
308
360
104
600
274
287
581
135
785
638
975
621
830
365
850
141
389
120
553
155
345
566
98
758
372
789
558
865
926
497
70
400
652
190
529
689
249
5
367
981
179
481
424
497
549
584
159
687
329
592
40
173
367
676
389
404
711
23
578
885
190
172
593
50
708
331
184
783
571
429
86
654
652
681
226
339
604
445
28
566
204
524
924
222
145
667
878
759
889
950
687
635
202
959
549
653
35
340
267
733
302
974
386
320
524
502
676
217
500
100
371
308
210
754
442
68
550
112
367
674
925
51
857
456
600
808
280
911
623
371
811
247
708
990
562
675
500
909
397
899
561
722
622
220
640
70
563
830
442
580
223
642
158
718
917
811
804
997
253
454
352
118
279
212
150
628
599
566
763
736
646
909
303
77
460
732
61
633
899
21
214
155
193
94
872
123
10
573
386
375
724
274
956
583
277
527
131
817
973
184
937
593
965
76
448
551
666
664
591
38
303
623
175
618
857
423
358
610
91
921
951
993
231
831
98
16
145
267
634
813
399
258
858
824
982
308
640
180
822
128
851
627
12
685
528
501
759
94
793
36
7
878
720
714
100
163
644
198
291
594
119
388
133
442
585
182
12
676
666
269
177
379
7
378
761
750
439
357
90
542
93
656
38
119
270
514
106
678
8
496
300
37
729
737
79
680
387
816
49
381
56
388
293
583
216
776
637
232
672
569
841
65
275
125
752
412
428
577
650
830
111
343
121
771
31
110
981
965
748
238
885
270
43
899
240
725
405
728
709
681
51
46
328
768
259
156
915
965
363
607
408
896
892
545
490
550
812
661
295
998
957
194
597
685
42
201
632
239
676
609
398
871
491
317
92
40
516
736
829
329
883
228
461
530
56
710
852
710
986
702
806
193
798
140
546
185
285
672
171
427
761
852
449
216
314
174
395
847
533
104
299
932
153
672
412
563
77
356
18
374
64
977
646
430
193
469
900
228
945
811
22
144
20
430
397
758
425
894
303
558
456
898
146
55
76
210
544
395
830
600
635
645
370
111
318
757
793
278
462
431
887
131
714
194
780
471
118
996
990
770
166
122
829
153
719
379
705
924
3
261
506
321
309
82
283
805
427
453
530
460
336
279
673
4
274
529
268
626
302
421
770
209
923
862
694
531
499
971
345
990
333
65
652
670
393
423
764
771
844
484
210
102
627
568
603
168
312
829
308
744
965
541
587
239
852
235
80
75
744
755
286
946
555
371
184
534
833
643
786
439
549
961
404
355
141
100
110
209
123
235
851
752
916
989
367
138
353
740
753
297
536
418
747
52
20
950
282
561
935
328
417
502
800
206
390
987
644
985
258
8
231
45
715
155
622
194
527
659
910
653
434
704
601
308
27
374
288
932
476
661
870
843
323
996
101
406
905
505
144
183
633
187
123
859
221
219
527
292
215
912
968
688
75
935
18
832
78
856
176
937
103
223
402
162
881
235
787
255
965
680
453
67
889
614
326
306
92
775
608
223
784
741
862
419
366
464
581
501
931
651
522
640
103
188
364
643
912
635
336
328
418
159
307
483
365
827
369
382
744
968
593
171
935
346
235
269
631
799
272
204
283
975
826
862
34
954
719
964
198
805
6
837
696
216
30
455
622
90
472
829
123
303
405
353
9
487
548
893
499
825
105
160
606
240
783
343
227
832
262
209
817
754
59
113
570
110
601
42
194
815
653
546
245
232
916
871
220
70
662
29
553
619
306
387
662
769
911
55
157
295
351
930
619
334
66
460
849
303
694
424
32
127
282
488
879
32
290
915
191
486
49
494
72
470
176
487
138
291
137
271
220
260
640
726
861
298
745
790
372
698
771
186
348
452
766
918
281
101
7
368
578
742
587
613
661
867
972
653
126
332
659
913
527
457
14
876
233
340
630
942
965
157
887
37
827
465
569
307
64
541
667
767
684
632
297
835
663
589
427
257
329
617
374
456
476
684
213
725
551
44
727
833
678
302
295
576
297
122
857
162
416
721
699
720
581
264
148
829
131
511
971
17
3
89
621
463
629
902
753
839
713
632
209
481
648
20
396
21
650
858
81
377
137
428
365
753
837
887
737
233
323
104
774
246
367
440
243
522
915
666
902
47
788
892
270
300
583
632
914
448
889
32
760
940
235
745
553
405
766
557
225
997
15
798
155
202
3
186
521
16
87
774
668
804
538
700
772
464
546
236
75
967
409
728
665
977
504
412
953
381
276
4
984
823
712
920
902
468
908
599
13
60
315
722
769
148
120
268
159
332
715
48
505
379
919
99
217
87
309
353
51
325
224
777
518
728
559
899
79
309
87
130
717
573
294
879
616
46
184
474
489
901
861
350
268
450
470
263
45
403
248
533
455
944
112
307
177
328
257
61
379
42
632
885
871
62
565
442
64
827
531
941
109
847
963
123
127
961
319
450
639
628
277
805
166
723
614
844
940
113
889
131
913
116
125
386
779
600
34
594
121
511
490
871
651
430
161
441
415
862
287
418
891
294
36
994
269
633
201
401
514
352
779
574
404
436
666
821
439
29
350
735
402
71
805
152
620
921
526
50
154
456
441
663
133
225
324
296
457
890
565
61
392
175
332
399
285
494
956
551
323
517
733
60
382
177
121
485
128
162
422
976
255
964
328
450
801
882
859
102
567
184
164
657
815
473
10
816
941
760
379
158
943
338
521
657
682
255
100
213
27
912
476
402
785
522
206
844
59
966
891
667
973
704
437
449
232
485
375
35
630
850
94
531
736
660
203
150
690
192
643
735
809
83
681
478
125
195
719
366
318
738
488
851
584
768
375
896
560
324
903
377
111
875
690
247
552
522
579
851
975
914
124
279
205
474
199
292
158
915
963
63
259
235
155
334
485
934
218
614
538
457
381
605
66
771
439
27
74
544
254
827
316
637
832
457
760
753
455
713
556
368
988
411
517
494
826
690
560
621
464
454
909
668
102
67
335
127
450
211
839
859
774
243
730
986
510
897
634
917
431
402
87
813
859
571
182
26
125
435
661
502
867
263
716
358
972
189
697
817
320
293
35
275
284
371
327
190
856
43
922
526
340
517
780
37
626
959
355
761
793
906
327
663
184
431
426
379
569
577
807
971
344
918
920
354
610
296
709
907
558
105
229
154
525
686
604
416
148
755
814
649
962
804
202
407
270
336
290
956
967
891
817
941
742
390
428
38
64
528
142
589
843
615
116
329
380
456
181
593
124
255
581
353
123
53
863
974
25
411
366
481
322
460
454
546
847
48
512
709
316
758
960
89
105
961
545
974
101
509
680
455
510
222
340
544
280
856
695
344
280
401
476
316
398
227
626
431
949
789
591
37
619
289
840
528
920
670
259
12
433
848
432
24
843
851
622
641
873
513
491
543
556
290
820
568
214
620
572
554
821
783
170
24
847
934
769
94
492
852
582
648
246
287
6
752
406
912
114
316
107
172
40
559
644
349
282
549
905
334
923
888
368
965
844
540
934
113
957
495
788
859
114
160
129
909
866
73
576
673
134
898
44
390
980
510
331
838
722
481
411
653
697
796
285
26
257
805
477
42
945
628
896
76
358
332
625
385
322
698
458
936
746
824
900
875
218
608
603
672
319
395
428
160
732
877
731
791
273
193
41
990
424
787
777
470
63
695
135
963
859
171
191
808
62
571
883
969
297
637
52
149
58
281
341
628
198
486
733
22
342
501
829
138
857
384
775
868
970
530
30
36
809
655
924
788
81
716
450
876
329
326
360
17
908
677
991
522
12
468
791
846
266
646
117
958
887
866
939
158
760
81
415
806
496
392
313
653
651
90
297
161
408
458
102
171
881
760
637
484
220
38
477
217
732
110
353
893
995
64
922
120
492
13
640
100
269
285
923
293
971
898
261
25
301
540
81
99
542
729
60
166
441
183
126
434
517
428
336
479
43
54
777
127
951
559
281
910
113
765
424
91
719
398
947
855
202
252
616
825
40
389
312
249
764
119
457
285
412
211
726
343
210
264
484
171
582
649
302
526
832
850
295
500
400
591
774
595
599
634
745
765
262
275
109
277
974
1
252
612
209
927
704
52
634
274
748
147
923
654
358
348
954
340
587
17
280
348
66
768
913
609
67
713
616
79
111
505
298
419
397
572
992
846
402
810
369
584
273
9
669
364
230
646
672
127
879
546
477
687
700
959
450
615
175
895
206
895
729
53
992
5
614
783
823
786
546
151
793
279
490
935
491
840
833
398
113
631
619
261
161
752
772
810
313
275
785
846
120
584
875
936
292
642
223
479
150
436
265
690
570
442
846
83
621
300
79
29
886
75
253
518
582
829
45
737
618
389
461
767
535
183
980
462
539
457
828
285
210
831
416
255
675
110
95
421
877
303
885
649
68
348
518
373
263
847
169
299
871
163
852
230
845
134
767
595
446
365
543
622
925
277
888
100
861
21
840
430
265
403
790
428
294
212
272
219
652
195
46
282
573
218
912
191
609
935
925
718
31
74
865
143
63
47
116
768
642
958
4
80
954
974
632
240
827
548
894
843
280
718
943
503
261
713
561
530
468
789
907
865
436
409
116
882
516
915
527
611
400
192
866
73
253
894
141
656
822
46
409
415
363
801
820
909
739
873
146
750
356
74
462
443
911
492
778
907
71
222
629
433
443
74
552
113
511
192
718
625
12
880
275
987
835
345
7
249
485
596
122
199
558
56
970
304
942
879
701
457
904
270
358
577
256
664
666
340
576
390
598
337
510
779
747
658
460
469
960
626
666
237
47
191
846
492
115
882
483
602
181
400
315
145
582
529
866
701
532
264
981
649
270
501
637
474
434
361
266
766
147
526
955
453
510
908
134
610
202
11
571
549
399
