4967
3889
9557
5594
3736
101
7384
3280
8779
9228
2584
2250
1992
5250
5475
2615
4435
6162
679
6770
8789
1396
2040
3792
8642
4289
5973
1834
659
7235
6206
5719
2056
964
4060
5418
8068
9721
232
6495
7786
2594
8347
5114
5406
5790
6703
3182
373
8389
9947
7059
7433
4920
999
6832
1085
7332
7776
8589
7334
1478
3438
2781
5142
4193
6803
9401
8004
1172
7584
8817
431
8341
5949
6198
2759
910
7628
1209
6164
2387
5995
8862
548
4585
3745
9050
4003
2188
9219
9444
866
3663
9407
9517
7003
7894
7421
4203
5679
2613
3118
9894
6359
2123
9702
1191
6473
914
1829
9776
1397
1226
4833
5481
3615
6890
3215
5558
2859
4763
116
8620
923
5937
1787
1542
5824
9155
4581
116
6547
8032
5185
1825
4319
4996
4116
4250
4842
5180
5106
4538
7763
9872
2945
8513
7539
5270
9856
6180
1812
6159
3583
7062
1297
4768
2243
665
5458
7072
1373
957
2528
7159
8846
8683
8955
5793
5056
5951
8592
3423
1563
3190
5742
441
7564
6296
4289
4302
820
4503
4432
5028
7608
4168
7369
8980
7995
6627
8615
1049
4180
6272
9888
2116
6579
7037
895
8588
7571
9091
6570
8560
5026
2216
2326
5321
1894
2763
7403
6509
6568
6965
8412
2147
4620
1129
1724
2480
4443
1915
438
224
5468
4847
4629
6597
2197
7424
874
4599
4819
5029
3068
1782
960
3682
6537
7899
1403
100
5438
1764
5836
3599
9867
5000
9933
6252
4881
1817
7252
8283
9344
450
6363
5522
4665
1353
3744
5743
3638
6914
1669
8743
3908
1905
954
3189
9026
5706
5010
2606
3767
8551
165
7607
1249
5388
1676
3442
7032
2942
5016
1550
3742
7408
8315
9375
6080
840
9167
5492
8992
1593
4416
3718
1013
6481
2993
4551
6766
8866
3605
9606
4515
4011
8427
1195
4509
2710
2195
1271
9906
958
5408
9835
6832
2807
1258
8253
3069
8566
6557
3717
4147
5210
2568
1295
563
3321
9661
7522
1316
1038
4630
852
5056
3109
3069
7373
5919
7011
8975
5565
6654
1137
3767
1517
6914
5338
335
1926
4471
8306
578
7730
6757
5650
8652
6612
6420
4630
5728
9334
4004
9241
2135
872
8177
2095
237
683
3827
4915
605
4629
5129
8885
5795
9119
410
7724
7744
1281
8199
5464
3321
1868
8885
8084
3893
5872
6029
3237
8289
2503
7437
8401
773
900
4715
2555
8968
5999
6661
2286
4601
8256
9262
1329
5504
6557
5584
8072
6109
1320
3992
7787
2077
1939
5253
4647
7035
130
5524
7149
5814
3680
5471
8727
2115
1878
8614
7435
3432
8635
7411
4797
4753
8053
8980
1524
6185
4482
5905
9210
733
1623
6105
8860
5670
5789
8510
6411
9342
7467
2678
9328
4928
3162
2420
6453
9572
4115
8903
7909
3040
4585
8515
9502
8509
9046
4385
2668
1597
1891
2435
1364
6136
6980
101
6297
4834
2600
2037
4445
4132
5029
513
8151
2591
2536
7028
1562
5624
7576
3717
1341
2734
3452
957
9394
9718
6487
5703
2764
7212
1502
1044
3294
9011
118
4584
708
9207
9957
5361
1623
6440
6210
560
2489
8892
6664
1974
2679
504
1562
2183
2648
1981
9241
7713
3811
647
9120
577
371
5007
5895
6992
7145
2335
1887
69
2380
9644
88
464
8042
1914
2765
1251
7009
607
3926
4652
3245
4266
4691
3018
9783
4120
7811
4923
9489
8117
6255
5908
8944
1640
627
5868
1287
3383
7524
367
3025
7919
9159
5006
9554
8810
143
5315
8671
3734
7587
1482
4176
578
5499
4350
1411
6632
4587
6980
4941
3128
7266
1157
2927
5300
4310
582
8610
6112
1549
4920
8430
6824
8826
3556
681
4543
2428
3299
8215
4232
9897
213
9510
2973
7986
4412
655
4461
1976
1451
853
6950
5159
8148
7546
198
9556
9579
3455
2559
5742
3391
4287
1017
7244
2518
2339
5831
5834
3704
8447
2454
6787
7053
3485
9522
8791
3757
5666
118
5053
2894
3473
8011
784
6946
4082
8624
273
278
8455
1445
7425
6434
5845
2960
9888
5170
1033
7855
7985
1572
76
5502
7501
5336
7588
2744
9643
6731
8108
184
1869
3700
2735
6363
1265
6683
5552
3750
2205
4097
5565
5917
6733
6012
2264
9787
987
7625
6786
6535
8703
5140
2801
9519
6134
2279
5417
9903
1696
7468
7886
2655
2502
5293
984
1113
2959
4996
5618
2511
1168
3498
9839
1524
6189
2157
8553
5025
1832
7126
3352
5404
210
3942
7329
119
7549
3027
7165
1243
7727
4172
8890
4537
2146
7030
7691
3627
5201
6930
223
9316
4156
6882
2522
4762
7178
3974
8395
1151
6947
7173
8402
2956
8524
8982
930
722
5611
6673
8400
8041
7576
8332
6492
2166
1998
3685
8912
1540
4282
5598
955
5610
9862
9448
4746
2016
2080
4354
6860
8128
6728
5071
5571
7523
6444
9800
2392
1087
8759
2331
165
1248
5871
3433
3113
3354
7528
1166
8973
4175
5037
9991
1418
3751
5524
5869
834
8779
6949
4751
8546
8171
960
4210
7704
2933
619
1703
1432
3617
126
3187
6287
5644
4232
2232
2643
9284
5110
5788
1196
7017
6980
6475
886
713
2660
7355
8306
4060
6345
5903
3566
6931
1036
6896
100
7754
1232
4313
463
6206
3728
4297
8809
8876
3445
3759
3208
5727
5595
6371
6434
4022
4284
9601
3338
7127
9941
6628
629
9624
1775
6127
1468
3467
4069
2612
3816
3226
9745
1563
5011
9981
8455
6270
8077
8353
3059
7972
811
6195
1973
7582
5578
6645
8681
7917
3180
8423
3705
3752
6655
8805
1350
9881
5304
9661
6068
8542
7051
6783
1246
1380
9162
170
7953
2024
2522
1030
9270
4000
8675
655
4695
2364
8353
9114
5860
4615
8448
4129
5392
2989
6703
2153
384
9367
7895
2800
568
1386
7610
4738
9095
6497
2061
7101
9613
8347
2700
7016
8820
3821
5676
8500
2625
613
2720
1696
1497
444
5092
2347
3156
8044
6634
2508
8586
4467
4044
950
3536
3771
5003
986
4680
1736
7954
2195
1841
7571
3805
7950
3222
6357
5296
6661
4690
1873
1800
5592
2862
5156
9249
8661
9639
9153
7574
1663
1492
9972
5230
1730
1191
7030
1626
9082
8695
8803
7147
4585
6003
1444
5149
6494
699
5685
2504
8959
5661
9379
5466
6710
1923
4371
3534
2379
1262
1682
1978
9548
496
2118
7966
8420
3039
6371
2099
9250
494
2081
575
2485
4875
1169
6295
8414
6175
2461
7286
2797
2860
7720
263
6466
7325
4590
4658
7983
7179
6830
2748
2231
833
4887
3236
2468
5984
3968
2653
3016
1305
5815
8389
8206
7919
3427
6768
9819
4069
5324
6910
8276
7637
2717
7036
7522
3542
5542
7847
685
5174
9833
7182
2376
9767
4873
2030
7887
4947
9834
76
2323
3436
8210
589
9370
3359
6382
2265
2892
5438
7231
7661
455
8007
1489
6172
365
7267
6394
1623
3202
6001
4353
602
8251
8934
2681
2269
4258
8952
2060
1562
1477
9793
2061
7251
2729
311
1347
3128
8590
6653
832
716
8811
1039
2875
725
4364
8928
1107
5323
4979
3700
1721
6773
7783
6692
9411
1836
6072
8896
7680
4738
2141
6091
7997
9364
5551
234
3679
242
8881
8184
3204
9937
9181
1145
7469
8899
9368
483
3973
3931
8243
1832
7220
4744
3434
4598
5294
822
2816
3640
7317
1237
1161
7747
5181
3185
242
5856
9587
8584
6646
6215
8199
2901
408
4542
524
2319
7445
7523
8117
2664
8596
3045
6437
3630
2112
3671
1621
9797
6587
8833
5368
8864
4486
6541
818
4660
7440
1305
1068
6000
1624
3813
1939
4230
285
5822
4954
3293
7047
8445
6212
7021
3834
6276
1802
6154
8703
7597
3034
5391
1525
1791
605
4755
9030
9841
8955
2489
6249
9557
4527
135
3324
323
6876
4626
9481
8918
8024
6267
3560
4204
8803
5206
1698
2878
4561
6253
9872
3272
3138
5138
256
9402
4598
7886
8743
2113
5022
8103
9566
4405
2000
2629
1272
371
3113
4991
9546
6414
3006
6324
1814
4342
8413
3859
2479
1592
6295
7929
4517
5567
5804
656
8544
3243
1387
513
846
1692
4750
2984
9651
3261
2833
9484
107
8270
6080
2325
6741
8197
616
4725
1467
9557
8412
8799
485
9140
6825
7424
8826
8312
2651
3587
3970
5266
6129
8776
8640
368
9362
9781
657
5121
3999
7609
6265
585
6897
2920
3592
7958
2485
1079
2425
3282
3996
7862
6052
842
7866
7514
8780
4808
6057
8080
922
9613
2635
1030
6105
2521
3445
6071
2305
1835
5071
7315
1354
2298
7077
9926
9826
164
89
3344
2148
2621
2671
5186
4063
5942
9528
6276
1743
7773
4814
7641
2359
2838
9271
4324
2957
3993
6088
3593
590
5523
9249
5492
8790
9661
7966
1374
4349
4130
7523
4491
8418
5559
8140
7414
3994
900
3316
5277
689
4018
9894
825
5348
8977
3468
2652
973
595
9636
5924
9934
8110
2705
2338
4252
3784
1994
755
6510
6052
4779
8334
3354
8276
3055
2604
5149
8867
3963
8691
2595
7455
7563
9460
8511
7855
6912
2370
6796
7543
8188
43
5954
4604
3783
3904
6446
3441
7638
3251
4006
3691
1881
175
4622
2594
2992
2065
5993
5711
8481
628
5822
44
3230
3161
5189
1392
1677
9981
1053
7223
8114
1189
1211
4274
8623
8986
2649
1233
2607
2268
3094
1472
8617
9301
1943
4886
1666
4883
3069
9880
3187
3006
5383
5466
7079
1419
2862
8481
724
4470
3186
8239
6579
3500
3710
1155
3164
6647
120
3984
7842
7112
8446
9923
7896
5398
1607
9334
6631
3904
7852
6205
2279
2454
9605
4562
7919
3434
7182
8487
2661
6618
2830
7587
9792
4211
6345
6365
7067
4033
9545
8409
1829
5657
8365
6743
9926
5285
3602
920
9422
484
125
9274
1656
6031
8813
6155
315
805
4690
8001
9065
9381
5439
7234
3025
5437
3730
9548
5254
3884
2368
6827
5862
7111
1297
2346
6304
7503
4299
7370
76
9013
1155
2475
6232
2232
9800
6578
3271
9272
8485
568
295
5712
6886
5790
9147
4733
1477
2510
4961
8788
6881
2746
352
1382
6379
960
401
6853
5329
7824
6035
5772
4326
942
2113
6321
1279
9392
4241
9172
3194
5060
9499
2751
9647
8825
9913
5207
6458
2095
7763
4906
9936
7204
8866
4214
9769
661
638
6120
9312
3318
1713
5036
2570
9172
3039
2049
6694
1139
4462
7796
9351
4353
8490
7364
4842
7362
7656
1737
6314
2427
5501
4530
6697
4668
9104
7848
4820
809
1414
9902
7132
6937
8386
2052
727
5314
1264
9693
2084
6986
2900
8776
1351
1862
3184
3944
4383
588
2408
8756
7314
68
3425
2067
9053
4184
7286
1626
2851
1846
3854
172
8947
3820
2187
8932
8550
1186
792
7650
995
3790
9172
2528
3008
1315
2819
2154
9240
8173
9631
397
2629
8801
3372
1436
1820
5293
9522
9305
9566
8920
9597
1385
1611
188
3324
8856
94
7631
8814
3811
4697
5187
9000
4521
9894
7681
6619
7339
5552
2666
2494
1026
5233
6040
2126
2642
277
1125
9259
4749
4166
3819
9131
2507
1649
9621
2374
9276
1677
6695
2729
2665
2030
881
5965
272
9690
1550
3525
7031
6461
6062
9592
1515
6832
3406
880
8826
8799
7749
6396
6441
3443
3362
1254
5327
9381
4793
4826
512
1064
4911
3584
4618
9007
6734
7710
392
3174
6893
7050
5829
5606
7570
6389
2014
3515
2970
6085
1122
8013
1656
4215
8780
6808
8430
5234
1411
5608
6987
8716
3027
5638
9286
1487
3859
2247
2881
2171
263
6963
1343
2761
3808
9266
7829
7414
5053
4667
4165
8041
7864
9294
9587
6741
1635
5492
6690
4626
3545
7051
3837
1542
2582
2045
807
79
7343
1722
9960
3900
1504
7171
3920
7589
2850
9553
383
8940
7320
1081
9802
2493
7269
7928
9435
1267
9892
5787
6150
5434
7602
6493
4724
2655
836
3414
9112
5965
3849
3453
7983
5820
2723
6942
8908
7172
7141
999
4126
1210
2430
8514
333
3937
8827
5032
1749
2123
4077
6055
8091
8536
6092
2755
8119
7260
597
7905
8342
8856
9242
4283
5222
936
2571
6017
9410
885
4767
1532
8458
1860
7563
368
2730
1925
2470
8641
2674
2090
4841
9519
4212
1947
9422
9449
4729
5190
4003
838
2497
6528
4873
373
9772
1475
8742
4698
6378
6041
5294
9404
381
3586
9636
799
565
5715
4829
4704
5925
8709
5393
1187
835
2760
7727
4848
3005
1297
1625
7677
8008
9536
4668
5197
7141
5168
9322
3934
4432
6612
3268
6516
7621
5844
7008
4848
2178
2534
4456
2854
5425
1292
106
7174
9583
5154
9666
7324
4153
790
388
9238
7929
2358
4021
3768
9022
8756
9649
8589
6544
7301
9150
8874
748
8869
6391
7324
3464
3118
6106
3840
637
8708
6120
8837
5537
3922
1990
4092
6879
8321
7950
8810
9279
1652
8149
5393
7186
3093
7281
4365
1313
8431
7554
618
3620
8096
8896
5054
4777
2293
4859
1879
3489
6098
8386
5203
2780
1963
327
7085
2019
5100
3822
3972
3617
4610
1386
4291
4669
8328
5367
1024
1177
9934
6501
2829
1919
5652
987
1200
7252
2630
434
5081
817
3170
5290
5849
708
9029
7126
6913
6077
6249
5992
6565
3795
6745
6657
4660
3178
2153
690
7107
6382
4022
2371
3754
5373
9430
413
3246
1519
4833
5084
9380
3516
7273
1564
8287
7272
4267
6869
5653
437
6353
6791
6883
8456
3373
9449
7544
3339
7914
8085
3030
5720
9601
1030
5562
4699
8458
5877
2578
5490
5863
4603
2795
6179
3289
1991
7422
1075
9864
7428
6587
38
7629
6180
4065
7949
4828
4082
172
1093
3444
1790
1592
5361
7529
1386
4146
4103
845
2122
441
6753
5273
1535
1781
8680
422
2818
3309
9982
2543
4397
2443
308
5904
1926
1781
2807
4745
3976
7898
7885
2230
4112
7386
7555
1098
5439
2477
5637
6187
4545
6005
4501
7481
8342
9284
9618
1566
8646
7728
8539
8092
537
105
6446
4681
669
8419
2740
7450
803
5005
3108
5049
6610
6183
9232
5019
1861
862
6909
5561
1367
7068
1721
6854
2884
481
1133
6332
5568
9190
2916
4643
5637
3195
5747
8909
163
2210
1829
4885
4587
2776
3351
6325
471
9355
7723
2414
5300
7293
9648
6841
6991
5862
438
4907
2214
1153
8730
303
8762
6223
722
3289
2637
2782
7376
5944
8971
9125
2245
1604
4232
4751
9273
3945
876
475
9104
24
8354
7131
6318
4029
2385
9340
9928
3771
2637
4708
2084
3091
4783
7035
3205
2847
6220
9729
1153
4986
417
3629
3707
1926
8791
152
4104
6065
4934
438
3548
5935
1808
5734
6599
5431
5670
6311
2513
9946
4112
4459
1249
4557
3443
2741
9469
745
4993
1207
3145
3740
9644
7956
7341
9880
2592
2767
1942
1939
2536
916
1747
1869
6510
3894
9554
1199
3664
3664
1612
3206
3238
5237
4910
4634
1095
6254
6971
8587
3009
4761
6237
7576
2431
4613
8601
7892
3756
5433
7214
3213
8940
991
1439
6717
840
6501
8173
3408
8390
2921
1281
1971
8223
4206
1467
8268
4867
5629
7334
198
6615
8746
1835
1260
7395
2532
5971
5648
5664
3845
7223
4188
3302
9615
4298
3881
8189
9669
890
2998
6194
5354
875
460
6838
6172
3385
2354
1627
9135
1133
9306
6438
7326
7222
4074
1166
3123
8291
113
8991
3958
4293
2867
1681
4303
3598
9293
2690
5600
2140
1321
237
9973
5743
5304
9724
9638
9117
178
7004
5837
9186
6588
3967
4953
8733
3113
7324
2061
8446
5114
5735
2679
6391
2924
5312
3648
3090
7779
2454
7181
4452
7779
6097
5812
9137
1398
3903
4682
6670
2000
1611
1426
7203
1015
357
4091
7676
2100
6689
4062
9126
657
8460
6774
9309
5656
5000
6751
8913
8131
8583
3734
8492
3675
2738
4094
6239
6052
4376
4646
1804
6402
4997
2527
9077
6397
9351
7470
8794
8913
1989
5104
5562
2864
8019
8846
9172
7699
995
4711
8965
9022
7420
2923
801
8637
7687
4427
6225
9002
9698
5582
2547
1352
8966
8496
533
855
2050
7623
3101
4341
9889
8503
4162
6131
8328
154
2246
8586
6531
2904
780
8610
6210
1870
2950
8374
7316
5485
9586
4393
7951
5613
6773
2567
9417
9016
1946
3044
1944
4227
8410
8101
1186
4134
6845
2969
9130
4282
3292
9326
8021
5842
9013
226
4997
2651
7300
4118
5509
64
9986
6477
6139
3855
5786
5076
4452
565
7119
4521
676
1037
9682
9491
692
9030
4385
5490
4009
7814
3702
9467
1155
2352
8074
4386
9778
5315
1376
9601
5794
6716
7056
6628
2516
1651
2048
2908
1767
263
6673
9512
2976
316
982
4135
9087
2623
8713
1569
6481
5092
6114
3767
634
1039
7986
9085
4066
1295
1763
3508
4086
4044
2073
9557
6327
1404
7475
8371
1386
6523
4443
764
5600
3379
2214
8554
8518
1591
9015
9534
8741
7137
5000
3793
3964
8247
1666
6376
8115
5250
2518
1534
2402
2130
4857
7668
1018
3383
1892
920
3240
2069
2214
5461
825
4091
3376
552
8727
8221
3527
3006
2848
2658
3140
6653
7462
7142
8964
5935
4137
1464
2752
2375
7321
1839
7606
6374
8646
7465
8306
1374
1529
9704
5391
7474
9942
7288
9463
1853
223
6788
4319
3345
353
2621
8487
1180
188
2910
8702
3777
2124
8190
6111
7625
6328
314
8973
1574
6093
5994
2443
8469
8082
7291
1288
1158
3468
2099
5308
4743
572
2239
3372
2527
9315
6127
1056
7136
1306
3196
8300
5917
4740
2802
4669
1351
1890
7190
9085
5855
696
2863
290
1819
6243
4066
2360
3205
9253
9476
2352
1538
9175
5807
6046
6175
6323
6300
1785
1723
8754
5457
1741
6336
7328
4366
7905
3317
4619
6375
6266
9262
5956
5360
156
8699
6731
5503
68
6600
4748
6978
5892
7566
1613
4383
5750
5237
7747
3836
885
3513
2913
8376
9745
8053
7909
7468
2840
6184
1171
3725
3631
5221
7282
6431
4275
511
1312
2441
19
3854
6322
8730
3648
6598
6188
3749
6372
1179
3624
1321
485
3618
779
7110
6644
8780
4463
4113
9340
8591
7018
3342
7792
4452
1336
8423
2840
8617
1521
3263
5790
2545
9879
5351
9275
4374
2685
5199
5315
5479
617
903
2571
2407
1323
2756
8455
953
4916
7083
3850
4787
547
8876
4100
8662
6529
2128
6185
8738
2284
9749
5075
218
1655
1631
6675
8102
4532
8389
4051
6804
531
6515
9128
7740
5641
2316
4634
690
2670
1382
7905
3822
6781
5508
217
598
3645
292
9004
5404
815
7370
5920
7832
2130
7488
2496
6751
9054
1388
2348
80
8283
2433
9886
6035
4567
8258
1726
6412
6561
857
5714
892
6384
6039
7749
3792
9906
9163
3180
559
2622
1882
6235
1563
8395
206
7158
442
1952
7924
5434
6707
5468
50
4010
3697
2094
8254
7193
4464
5500
3808
6544
3166
1736
2769
8405
2926
7991
1852
8346
4370
9577
752
9088
8231
5152
653
6254
8865
1771
6248
5351
369
5439
8622
1877
9734
7545
3060
7023
6775
312
8229
4036
245
4013
3877
1253
4101
8794
7015
9958
5117
610
314
3103
466
8113
1948
6199
8247
1466
4031
8320
8347
3550
1617
3807
7075
4947
1906
167
1
4392
9983
3572
8839
2878
1244
1016
6565
6957
4283
122
7775
1105
7780
2906
2895
4046
6546
8432
8042
7807
5034
6374
5888
429
9025
1906
7311
2460
8780
4086
6384
3200
9383
930
21
4215
1295
1165
2213
4713
6205
4075
4938
4718
2109
9910
8809
1941
3207
9453
7793
7175
6541
9485
6222
6473
8585
3324
5948
9166
2578
1637
2033
7632
904
5643
774
290
6092
5998
9327
4146
7787
1755
8924
6521
9164
4970
938
4633
1208
8232
6186
8887
4489
6653
8501
4956
378
2433
5923
4086
8504
7808
207
6247
3646
8834
5920
9821
1452
8395
6438
1495
8570
5589
2485
2377
63
3249
1502
6396
9465
7697
9647
8149
9793
7004
83
9022
9872
4858
950
855
432
7078
5143
8902
1799
9242
3435
7416
67
1185
4891
2905
1186
2062
351
2085
5641
8272
4425
3424
9978
8659
7504
6021
6327
7318
5512
4110
670
7034
6496
5267
6778
313
1196
2236
6441
7963
6135
4730
2844
8671
7516
8696
9236
4487
7148
2452
3013
5800
926
5956
1576
4499
6956
4369
5490
2525
8955
4168
9038
4743
5678
7948
6250
9187
1070
3638
4261
7660
2190
6311
692
2057
7458
1184
2927
5016
3086
9645
2041
8743
8685
2938
1301
2946
3424
3161
1832
1548
1078
1662
5976
4806
2093
1962
4912
3326
1014
9598
5954
1699
9118
5017
687
3621
3809
9367
2960
3098
1808
1458
6507
7769
7359
4746
5559
6577
3188
7403
509
2269
3838
8349
6066
5924
1544
8556
1974
4594
7440
3739
6626
5562
2134
318
4410
9075
4683
9596
192
9105
4077
9141
480
2606
8309
2942
1512
4703
6676
4663
7705
433
7238
2046
2241
707
9799
7178
3867
2566
5346
3657
940
348
5219
8194
6415
6310
915
6598
5294
886
3572
6214
8388
2890
2047
7650
4787
9064
6408
8496
487
1620
5409
8830
5967
9916
6787
433
4530
9429
4516
6638
7846
1995
6811
9838
3405
30
4448
8494
4520
2272
6403
4471
5405
793
6698
7249
5326
2473
8948
4547
3057
4604
2328
1457
1498
7
1333
8229
249
4640
9882
8112
3881
5086
4830
7457
2524
7084
5845
2404
350
4918
5347
4983
6601
3236
4974
869
944
1942
6854
6934
7595
1215
8180
5180
5102
1554
3554
5400
3106
9935
9735
2926
893
6737
4926
3378
7206
6294
3475
895
7885
1767
8271
8514
8249
5575
6115
8087
8480
796
3069
2336
8344
1458
4765
8823
5236
182
5843
6354
1547
5836
4255
2212
6557
4426
7900
861
5882
3777
1688
3347
8823
3653
6722
9145
8064
8227
3287
1710
1177
6891
4497
9909
8697
6405
4696
645
6187
5258
3466
7991
2025
4193
1669
2715
2798
7347
5947
8790
5754
2876
4165
7452
6233
3670
5583
6724
3523
3984
8277
274
370
6151
398
2661
645
6999
4082
797
9223
646
1348
567
3440
2225
2734
5533
7221
6744
4329
6388
7523
6023
9957
6747
8664
1139
3197
1289
7947
8468
9163
7408
5728
9166
300
1078
8954
3966
2479
7373
3193
1552
5296
1864
7244
980
5055
713
6274
554
9861
5815
6859
9997
5490
4512
4456
3514
6779
6006
5275
5117
1295
8601
169
3859
895
8303
4062
874
2413
3903
2138
396
3042
8204
4650
2612
7358
9882
4667
2829
3661
5220
2721
7401
9995
8824
4593
8048
7595
9285
2906
7530
65
2196
4659
7557
1249
7384
1118
9674
399
8760
3766
6002
143
6530
9079
2362
5764
5669
3096
9917
6394
4448
3949
5786
1285
3612
3477
1309
4456
2300
9630
883
8625
5745
136
2727
8107
7332
6849
39
9766
5297
7167
7698
8332
6869
5188
6801
7830
6391
9396
8442
6408
6077
6843
3713
8654
4010
3608
8170
7232
517
316
9760
5307
6306
1571
8264
866
3042
9191
5147
5632
2406
6935
8749
1624
3754
6406
8919
6874
1621
4
4030
4720
2497
4322
5699
7830
5127
2239
9011
3826
4149
3366
3849
6457
1389
8532
9393
3174
3756
7857
5673
6913
6431
1995
6240
9564
923
8797
5422
8547
561
9370
654
8222
3374
3294
9331
195
3719
4710
4352
9448
7392
1641
2347
7251
5558
2954
9813
3287
9867
5224
786
8172
4814
8176
7754
5327
4578
9827
898
3638
8393
5806
5193
5734
7521
7941
4794
5915
2232
1377
2122
686
6302
2980
2000
24
4789
9697
9265
6841
6369
5082
8392
6424
3482
5721
5151
4874
4411
7305
2050
8787
8560
5680
6975
3670
1463
6491
6621
7597
728
3674
563
3084
58
5284
9175
5505
116
9168
7005
8460
7593
167
3762
1734
7903
8749
2199
4665
4799
3863
8528
7993
8805
74
7570
1403
7355
8920
8278
4719
8598
6341
1800
4759
9072
6153
5153
8147
6095
5825
2502
1765
6003
5330
9409
4638
1540
9977
3522
2073
2709
6199
1917
3883
9645
562
5602
6171
7301
130
9705
4093
7140
346
593
1548
7448
9208
8463
6745
537
9344
1519
6468
3857
2282
3393
8214
4533
5827
2043
2127
9354
9623
2727
3087
4353
7649
8773
8888
805
2334
7821
5328
8045
6421
4042
6603
5221
7013
3166
7971
9248
9041
3590
8886
5619
9914
3491
6512
2663
3707
2397
910
7829
2565
9448
2436
3229
8455
337
5010
950
3383
2960
2413
406
9446
9988
929
2985
308
5195
1665
9005
3048
2999
5004
5123
840
2283
8353
9063
3397
5747
7808
7149
9122
912
1778
6824
1244
7247
3026
2798
7686
5458
1720
1920
8690
9926
3386
4962
3261
3449
910
2862
7971
847
4941
8558
7697
5792
4375
4470
356
4076
9742
9909
4049
7886
7403
9631
1413
2740
8313
6623
1702
218
8561
8932
9009
9773
9681
7517
6814
4460
8252
2948
6443
3662
292
3970
8038
7336
6152
1174
4832
4176
8523
8749
1968
8134
4075
96
9816
4838
5318
75
8032
1800
2137
3173
5526
2328
2020
9644
4381
9531
3463
143
8086
4891
954
715
4969
5598
1438
8981
3775
1421
8098
9190
845
7048
6769
9796
4070
4497
5041
8521
8349
51
3445
6629
7997
2855
1956
3192
3002
1677
4354
2641
4400
222
6227
5663
5690
6771
6206
3796
150
1806
208
6646
975
7216
9740
7874
8233
2169
6865
3366
3599
2804
2407
3089
8670
5126
852
7879
3861
9281
620
8840
3728
3490
5496
7269
3875
7922
2150
33
4831
1484
5629
1305
8707
8578
6363
3619
1896
7129
4752
4515
8795
1531
4758
1935
8738
5035
528
6041
1385
8524
5049
8894
7915
1202
3350
1030
5574
2027
2615
1436
9118
5359
1826
7357
517
651
6039
4961
7965
4057
5430
950
7822
2709
5413
4876
8031
8845
6461
4886
2555
3576
6921
2261
2130
7612
930
7943
1458
130
8969
4797
9604
3086
4715
7572
841
3189
2067
980
9144
2501
1941
5427
50
9857
8760
8095
7998
1499
8827
1999
9826
971
1391
7757
6769
1009
53
853
9641
6003
3756
6871
6761
6194
8459
1650
3638
3668
4348
3017
8521
3842
4442
701
8524
5178
6537
4475
6681
6073
3258
7150
737
2466
1980
3123
9323
6902
2631
2049
5731
7555
9031
4887
1295
6106
3808
6660
2156
4918
2407
7313
615
8228
8723
6552
5209
4643
1630
8858
7029
2495
3954
7043
8981
6230
1968
5349
4331
8527
253
8618
4897
2255
2384
2752
6352
3116
6493
635
2242
3249
5602
1343
7590
1414
3815
5846
620
6679
9849
9596
4885
8668
4713
4940
9030
6943
3849
7779
7698
2967
8052
1132
3965
9870
9178
6720
8058
326
7279
2883
3708
4796
1766
6158
9469
6915
7503
5104
2309
6251
6248
9870
7803
9643
6077
6754
35
2971
9089
4384
3703
56
5061
2257
9972
8632
8096
659
1243
5669
4709
8205
296
4144
3366
4598
6032
7599
7577
8923
8125
3030
6056
2855
2958
4483
4777
6334
8509
2310
7225
9173
1323
6570
8236
7040
8496
5087
7241
5276
9343
4924
7643
7531
6342
8074
3393
1464
2020
1744
1319
3092
5940
2421
2260
6994
6474
2621
6615
495
3057
7694
9675
1649
8498
9096
7905
2131
6319
2643
5379
959
4469
7911
184
6881
6781
1498
3613
8531
3026
4400
9313
9364
9084
8275
191
3904
9241
575
9496
6863
4964
6559
4437
5251
2874
2187
3811
4501
1492
9429
6709
8388
3742
7415
3063
8669
4583
2813
6020
5358
262
4425
2687
9955
1540
7828
1317
4698
8021
874
7985
3547
884
4306
7563
7975
8644
6950
1900
4314
4448
8277
5146
171
7528
8537
652
9477
2263
1877
7629
4453
4093
4980
6885
9289
7709
9457
3984
4406
8956
6326
9842
346
5474
3348
4787
2713
9538
9965
5878
7981
5414
2642
9098
51
7409
1693
5894
4367
42
9262
6962
6300
1471
1665
6087
281
7775
1134
1224
7414
1373
4582
9973
9895
7415
5692
5531
555
9624
9236
8889
1401
1252
8875
9889
1974
6378
571
2013
8085
283
7798
4034
4265
9663
2737
7025
2636
9635
142
6574
5193
4654
8986
1196
8772
6468
5796
1763
4785
6394
832
9456
2708
7931
5471
6026
4249
6193
7869
6402
7248
7511
6640
9057
9508
9956
9340
5802
6464
3697
5040
3158
1544
5242
3342
8690
9610
4800
1289
7359
9909
1472
7552
6943
1625
91
5241
3826
2352
2401
7504
8192
1057
5687
5232
1273
7036
5765
4144
8681
3036
714
8313
9137
3591
1472
473
6849
2109
2683
1889
559
1685
6023
9235
4709
6971
4142
636
8612
6363
5243
3067
5558
3149
6553
8483
4828
9572
4124
3792
3949
6719
4628
4111
1919
3897
7369
8786
693
2450
734
9920
8040
6804
8652
9342
6348
3224
1074
3040
6319
1668
2145
2711
7758
2915
6287
281
1953
3574
6291
9248
1153
8095
3514
4442
7661
2975
3937
4475
981
8268
3122
3277
1845
8038
1339
1497
9276
8109
5071
5170
3567
4312
4340
5120
2616
6922
2419
6137
329
3366
4249
7590
2037
2162
4481
1988
3910
9587
9918
3469
7462
7874
5686
8472
7277
7837
5254
407
4967
3064
7645
2736
9930
7693
991
2455
3492
4678
5217
7217
4844
2569
2133
9720
7301
9750
5282
2866
358
9726
9826
2014
9953
3608
6002
8840
8104
4505
3630
6387
9901
8406
8327
4511
8095
1667
9652
6247
7142
2958
4350
6203
445
5312
1903
865
7104
1116
2862
730
2924
1961
3526
9919
6035
2707
8898
319
5375
7959
8287
7055
4672
5420
6759
4498
7900
5031
8106
5471
8064
7982
7881
6256
9179
5983
9274
5286
6604
1628
1646
7911
9593
909
5977
7417
1108
8984
5353
5612
1266
315
9815
9965
9027
8645
8613
7770
88
5176
9079
2724
1525
77
4225
1591
1602
9585
9245
9877
5905
7479
776
9050
5209
7497
7750
5937
3364
8520
5015
9224
4044
3258
3070
9455
7943
3329
3016
6431
5362
6627
3589
9765
9852
8451
8330
8055
7768
4918
2941
157
5222
5872
1089
2775
3898
4303
5882
1569
4911
6658
1763
2140
9988
7198
8895
3539
8488
2693
3380
8511
245
21
2051
3525
9691
5463
8953
1232
8810
6285
8423
8705
1722
4652
742
2708
2568
7442
3883
2365
2253
736
6479
132
8457
5633
6844
7860
1023
8914
8796
6065
7097
7387
9854
876
5153
2313
2688
7326
4740
6511
8308
9131
9254
9061
305
4639
5511
6134
9254
3849
6390
983
8770
703
7514
8077
9312
8278
6143
6097
2286
7375
8179
1556
4310
2298
6371
9752
9669
3012
1873
3822
3771
2482
5428
5353
7868
5017
5241
6470
7366
8699
9780
5219
2801
7965
8741
6870
9601
2515
1842
3975
3415
1504
1822
4311
509
8433
2206
3517
2991
8938
7208
7629
2818
1416
3854
4515
1050
7506
4786
5006
8703
8398
1792
6483
7761
7491
4700
5120
615
2063
7016
1781
6237
1706
3511
7376
4532
4195
1019
8232
3766
986
6441
3081
686
7988
1840
6474
7158
5555
9021
3533
8795
5489
1188
9989
5515
8141
7382
6375
8833
1007
4443
1844
6215
4661
1093
6057
259
9555
9822
7581
5163
4708
5912
4958
3876
6994
4276
4974
5648
7688
5894
7787
7131
2195
5666
3982
3701
7599
3971
3841
7499
1595
7325
5431
1767
715
8439
7578
5005
5517
5148
6600
3859
6141
9182
4282
3216
5266
6672
850
8216
9675
4100
7048
6220
8274
1132
5993
1936
182
7484
4454
8027
2417
2247
39
3729
8612
1040
6609
882
283
492
238
38
2098
2439
7756
6292
8715
8751
7951
562
2094
6417
6129
3944
8092
4458
165
700
7384
8258
6778
9859
855
7779
1761
7716
9925
6455
9289
1233
2885
9530
5227
7593
9073
4492
5682
8447
3457
2826
1822
5697
1066
1610
2520
1345
5362
3948
2072
2017
7394
1633
9531
7174
6006
6832
4467
6494
5029
5359
3129
4619
1624
7944
714
1840
3989
6015
7763
6575
9992
9022
1169
6397
8934
9860
1469
5067
2949
6673
6636
3877
795
4732
602
9438
1982
8480
1613
3086
8952
2732
1844
1231
7637
5628
568
657
5795
9798
7314
6862
8423
5072
5164
2150
4010
7722
6644
3718
9779
4011
4250
9088
1580
6317
608
347
6838
3190
2127
7900
3932
2067
92
9782
7743
4231
269
7405
6659
7830
9350
8764
4660
1809
5041
5654
2935
5199
4280
203
4102
9395
391
6245
5571
9638
7773
7811
5801
5938
840
6875
1028
3762
7161
2609
6762
9053
9253
2019
6787
6103
8387
9585
8871
8066
7612
7557
9042
9785
5175
1700
1034
3149
7973
925
4469
7784
8692
264
797
4596
3569
2817
1237
1847
5557
3439
7834
6459
9798
4431
4264
1100
1935
3271
7549
5681
6358
3770
5219
8492
7604
2181
8413
9685
1921
8044
9176
833
892
3535
2387
8078
1725
156
5104
7388
7324
4868
6817
1222
8674
7942
4478
9325
8623
5585
3347
1775
7113
4681
2996
7212
9501
8350
3622
1449
4062
4467
8862
6679
3353
9295
4853
6987
3530
2315
1182
7154
5272
787
9828
4594
6010
4674
7650
3995
2
5538
8626
1418
1493
2312
8646
1554
5632
4594
717
4201
5012
9571
326
3305
4625
5187
5615
76
3278
3171
4042
7362
3585
4399
4848
8977
1026
6928
6987
2843
3445
6546
8310
1140
1441
1673
3054
5017
5378
2859
174
6457
2203
1212
878
2204
9457
5989
8753
5993
2937
1512
7669
440
2930
204
8423
7226
4911
2446
2801
2609
2668
9703
3976
5893
5650
6200
2633
1253
4372
8262
4834
6636
25
2124
8171
6328
36
6536
8528
345
766
975
670
6485
965
4890
9789
9030
2804
1801
4082
4869
6039
7164
7001
7324
5469
1816
3080
4959
7857
6513
493
4176
404
5692
5244
4035
8372
4565
6860
3672
4338
2738
8776
6464
3750
5592
2708
9821
7056
6422
8492
2886
7034
191
6047
9559
3831
8879
1598
5639
2923
9253
31
3887
3270
1342
847
688
2135
893
6735
1715
906
2297
2740
2028
7495
9529
6157
5889
790
2966
5316
7815
3401
7900
563
331
7406
8213
7727
3891
6641
9632
2838
1082
2261
237
103
8310
2829
9009
6300
9993
6208
7234
2549
1948
2337
5151
2771
7584
2116
7730
3352
260
9826
353
4008
4717
5935
602
312
2594
7453
8964
5765
8361
9688
6543
7043
3268
6928
7907
3137
3288
7193
351
5601
2603
9702
5882
3093
5715
8069
8352
8261
7048
8749
2930
3382
7713
4750
491
3833
1195
5402
5757
7614
5654
2515
9312
4464
3177
8371
8773
2215
3324
9801
4831
580
9913
1083
9503
2794
2539
4990
2805
7871
2543
5919
5585
9518
6172
2049
2222
3569
1273
4597
781
3982
3137
6182
3253
4619
2819
9624
9775
869
7100
4802
32
1790
1268
2781
9930
7607
2647
9237
6093
1886
9165
5658
288
3039
8952
6134
1908
1233
6151
3976
5610
9423
4590
7288
8736
5905
2351
8647
7880
9218
2157
4081
4987
1493
7251
1801
466
4629
757
4279
2084
3532
2281
4159
6720
4178
4035
8579
7736
2656
5086
2697
2530
5092
5327
1665
8076
6385
8625
6034
4472
1276
7659
3061
171
6834
6745
5204
1482
8313
2818
7810
7258
3038
3967
7646
6854
2092
9156
71
5861
1477
9263
4435
9546
8184
8106
3801
178
8622
158
2919
2462
6642
663
702
594
2007
9185
7768
5237
621
8691
413
263
6752
3850
7858
8170
8507
3585
8680
6465
5641
2177
4700
3404
8936
720
8273
8035
5363
4901
6885
4437
3751
3434
9788
9130
9653
7296
4519
2425
8146
2738
6831
4670
4281
6770
2110
6988
9734
7373
4176
8902
5173
8361
3447
1193
7951
3918
9835
708
4976
7457
1550
1699
5520
9696
5686
8031
8958
5256
8167
8239
1261
24
4357
5863
203
9522
2163
6791
6178
4152
349
1433
3070
3376
1491
8914
4184
5463
8890
6286
2537
743
8106
2264
8377
1165
8286
946
4160
5065
7881
8904
6404
8800
4346
5152
5435
194
4904
4978
7647
4581
4363
3143
766
