8833
7156
5816
9089
7198
8396
3971
9267
5111
7155
2799
6922
7293
2272
5197
4756
8763
2071
8892
6160
8358
4917
9976
542
3342
2778
542
3696
5730
9812
6684
6986
4943
5155
61
2387
5812
8471
5839
7155
9486
8744
388
2646
1392
8999
9320
8605
3934
1382
1979
125
5703
3829
6570
1876
2266
6005
1377
433
6540
4690
326
6626
1883
5957
7703
7613
4042
5474
6898
8512
3260
1112
616
1175
3456
2201
6565
8217
8283
852
6158
5595
6108
4817
3185
5519
5802
2227
1110
8570
1948
7162
4131
859
1119
1387
927
3743
2823
7900
3825
3873
3933
8095
5624
6881
9037
9307
8740
4837
5456
9444
1552
7194
169
7957
5982
1947
8688
9411
1329
355
7582
113
6270
7364
4239
6451
3574
7089
4616
3256
2040
9672
8551
8522
8705
7811
3384
6388
7111
851
4717
1205
2609
7963
6518
5304
3105
5510
4741
3801
1076
6037
5949
1439
3554
568
7685
962
4361
4232
6184
6226
2693
2887
6831
4173
4497
1252
6130
456
7215
4525
3499
8204
1877
736
5158
1058
5417
6027
4475
1469
8188
4760
268
9465
8971
8800
2314
8472
1848
8391
7019
3602
9058
5247
6011
6275
5083
6886
5310
4008
9504
4898
4294
5799
3648
8503
5483
5309
5323
9110
929
1186
6703
1612
8697
1191
8547
8961
7737
6742
7849
9326
9845
8827
2407
7080
71
7590
5241
5470
3557
4078
9760
6215
5709
9815
6174
7420
7376
8748
8577
740
5926
9480
4182
202
1485
5919
2780
8823
4775
6458
7041
7762
6300
8813
7198
2652
5178
8850
8368
6535
8955
7436
9715
6471
1601
1829
2572
5295
5403
8024
1410
592
7265
146
9664
6205
5505
7663
1383
3176
6407
2798
9946
273
5111
3556
9184
9454
4817
9467
389
2555
5660
7734
9384
508
2843
9687
3784
9221
9207
5960
7886
172
4324
37
1823
7393
9725
617
145
1739
1930
4148
1326
2855
5050
6841
1842
939
1280
5236
3645
1682
8459
5746
5530
1540
3963
3181
521
6235
5405
9738
6339
9898
9632
3793
1401
2640
4780
2662
6709
5027
753
1288
1131
2595
8617
6970
33
9093
2094
8207
7784
3541
9470
5258
4328
1518
9013
9555
3235
1089
8036
2166
4541
7641
7644
5379
7538
835
2697
6541
6934
4298
1148
7670
6560
5543
328
8266
7109
8378
823
9336
6603
6578
4257
3199
1066
7239
4110
6111
1023
280
3999
3548
3471
1210
5771
3008
7806
3595
8243
4082
6150
2976
4765
9777
5832
9794
4411
8555
9008
6926
897
4771
6099
352
2897
2630
3961
666
4197
4432
9273
3844
1729
8800
2441
7925
2361
7986
5225
7701
4209
1403
6055
9023
9786
1169
4018
3352
7777
1315
4078
4149
3940
3653
5665
2954
9102
2800
9974
4536
3045
9197
9827
9253
5306
2816
8976
1820
6257
4686
5648
1006
2545
2427
4153
7687
8524
7918
9435
640
9692
7265
477
3809
6646
3641
3989
6702
58
3633
6657
5268
129
6080
2782
8093
2233
7161
1782
4766
1139
598
954
2400
1452
715
581
63
4485
6799
8771
5100
1782
962
207
3120
3468
2429
1654
711
4302
1059
6683
325
9809
3418
2990
4961
3219
2451
705
4417
184
9556
4386
4048
2889
6693
774
6672
9136
8470
5963
6701
9888
8898
8739
1073
1418
517
4732
7477
1847
2127
3202
5367
6334
2829
2201
7480
121
6823
5947
7156
5726
478
7690
2285
5499
164
7415
4993
3505
8952
3848
1216
3240
7257
2113
3413
3451
5251
3197
7824
9493
5631
9128
3547
3466
8017
3782
2747
415
3016
1994
3224
441
5912
7591
340
4220
6857
743
9216
9642
2917
8023
6821
7185
2523
9928
5082
7003
9565
8968
4791
9749
567
3241
3707
5419
1675
2125
8939
2489
8001
7877
4611
6010
482
5014
2347
8728
6466
1653
5111
8523
5125
2616
7551
9258
871
192
3779
6126
2851
1168
9507
9287
1093
8596
6887
6728
8273
846
3618
1215
4484
3198
868
1115
90
4865
6247
6410
421
7423
5326
5364
5120
2897
8886
4510
660
3312
2209
7605
9185
7235
6283
9561
7164
4978
8224
3481
7007
1582
8058
6879
1572
5587
384
7496
9417
4626
2247
9195
2297
3654
1796
3611
7393
2878
6643
1998
8474
2883
4652
579
2287
5151
7218
5535
8510
4750
2776
2314
5800
135
1741
7910
3176
6738
6427
5726
1699
9410
4788
466
12
7798
1703
4543
1418
1637
9703
9484
7733
525
4383
5199
567
6360
7868
2255
4275
5231
5201
6311
8732
9516
3468
2263
9923
2244
9526
8476
5357
5798
7895
1384
1636
9751
3792
3292
6805
2498
1992
7370
7423
489
6582
6798
5155
7899
6595
3881
7942
5708
3142
3973
4046
1416
8390
5469
3134
9093
9105
182
2539
1523
4536
3200
8594
1900
3833
8391
6440
3973
2982
9556
4417
6836
9061
2233
5158
3660
1000
8737
9842
4429
6180
1606
9501
6833
4293
1498
121
8124
2532
9818
739
1280
2247
3080
2498
6291
4340
2401
6270
1326
4491
5683
5769
4838
6051
7862
6912
6804
9829
628
6317
5885
8476
8708
7527
1161
8370
1621
1936
4926
7865
8414
3202
876
2822
383
1479
911
6541
7178
9427
2252
1969
843
3100
4038
5834
9329
2346
7111
7261
3441
6510
9651
4047
5464
3702
367
4575
7754
4812
8890
5808
451
5844
1478
1773
9737
6067
552
9071
2595
9713
2708
8121
6001
392
9033
9434
8439
8708
3906
4228
4127
8777
7409
5563
346
5460
5643
135
6556
3126
2458
7955
9401
8828
991
4959
9300
369
6100
7762
2542
1201
5012
3320
9215
6303
4236
9665
3248
709
519
9722
3538
754
8737
4310
9035
9971
1119
7572
8250
3641
3911
4722
6853
243
8284
2253
2974
1910
8930
9300
1067
67
2008
9367
7552
8284
2273
1209
7333
9474
5816
9146
6158
5269
672
4653
3295
4671
7818
5070
9302
3220
3115
3413
9300
4501
8211
9921
4089
2356
1167
3874
215
202
1880
9089
6943
2273
5582
7229
4853
5775
52
1588
7154
3308
1993
222
5590
482
2360
4852
6249
4294
3039
2976
4801
1635
730
3955
2944
7686
5085
8554
2180
9431
7599
9461
221
740
4402
5722
5279
1979
4233
7032
5426
7055
1794
1410
7579
936
9659
1231
2359
1956
8646
9593
729
2164
4311
623
2214
8896
1907
5662
1905
4720
1994
6073
9160
9858
3682
6783
3539
3144
9239
5253
419
4930
9224
9587
3188
7127
8027
5921
1632
7132
1949
1230
3433
5748
7046
1649
3834
1327
3555
6000
6712
8026
36
6754
2284
6807
8923
5782
4441
7901
2795
3146
789
8922
4609
836
7613
8326
8691
1534
2871
8654
6265
2023
9989
3286
8191
1910
5548
6361
7514
3640
9068
1535
6405
5718
3952
8409
4768
9549
1087
779
2613
5945
8323
5696
6372
6899
7774
5934
5872
6269
2084
641
7965
4918
5007
7753
5312
1991
1049
1006
2291
4094
576
2743
2202
4704
7758
2888
8459
8113
4499
3304
9294
2603
1409
5794
2062
951
5014
3347
3426
4349
7047
4434
7925
5495
3999
9629
1687
9207
9029
6265
3111
6129
9302
3551
7396
6396
1236
4960
6425
4738
5864
7690
657
5651
8031
8736
4829
2101
5286
6256
2267
5306
5062
5459
2599
5583
8720
1884
4552
3498
1591
1495
2118
3715
7686
7108
9921
4696
8213
1817
5802
1040
1268
8295
129
567
3274
4228
3309
9344
5070
12
7916
3869
3041
6014
3807
5819
6099
6296
4225
908
6285
3546
1784
971
6609
5195
464
1078
7580
7719
2778
7065
9040
7607
1049
3360
5263
2916
9141
1849
348
8496
9492
8070
6185
5868
13
2615
9331
3358
109
4171
853
8409
9907
4545
6256
9807
8177
2720
5127
6171
82
9205
3041
2806
3464
7237
6680
7313
8406
2888
505
305
5983
4868
523
714
6614
878
417
929
4119
4508
9263
1015
8354
8091
7658
1127
9858
3498
230
9735
5748
6227
2044
4340
6699
2510
5806
8104
5375
3597
4959
7930
9598
8663
2883
2308
3148
3596
5618
2028
2446
6157
3662
4217
7299
9449
6692
1242
9059
721
6956
697
6662
4093
3317
3612
3256
8788
5156
8868
5936
6606
9196
1089
4054
9095
8754
3132
7052
4479
2339
7158
669
5354
4229
7942
9721
4010
646
2619
3453
2342
5659
9164
6694
3767
8804
7073
7263
6028
4050
9061
5677
7960
6799
1328
3634
1022
7437
7035
3458
9666
812
4898
8100
7852
1288
9206
639
6985
3281
1852
2030
5294
9262
8028
1491
3152
4020
3164
7012
5811
1790
5101
3055
337
5005
734
1272
617
5192
4348
6567
6054
7489
4323
8495
3909
6560
754
99
5263
1777
3086
7026
7974
180
9738
7499
8341
5699
9448
5512
1589
9022
2053
3329
6748
689
1332
7873
8713
9127
1517
4184
319
5515
6087
32
3408
3381
4180
9903
7430
6806
5881
3124
5789
7657
674
1920
5740
1350
4035
2696
7181
7654
6735
4675
1407
5002
5061
7522
1938
2087
1068
9218
5283
2561
2707
8073
9890
9672
3880
4062
5051
9365
3386
53
9632
8888
5703
5009
171
9387
1713
1825
4508
3793
9766
7769
5774
3499
7677
9722
2907
6660
4767
1180
2040
7559
7432
1863
545
6849
8799
9384
4143
9009
245
186
3190
9628
2811
7119
642
9910
8884
8748
978
403
6153
5720
5921
4591
6785
3556
2675
5554
4678
4353
65
5040
5478
616
5394
6566
6888
8312
2370
9496
7689
1902
8951
9573
7384
8390
123
4896
7815
8333
703
9148
674
2723
6632
3527
2204
1685
7176
6530
764
9114
1590
9572
3517
2164
5853
7536
3669
221
7736
8509
8544
7766
8966
2103
5207
5061
4045
7007
3972
1038
8364
3242
8295
2714
291
4296
1128
514
7507
1865
6966
2585
4000
1730
5385
7264
230
1992
6714
2804
5168
7757
2549
9243
6481
2378
184
9330
868
3495
9647
8649
1462
2911
9593
2510
5011
9803
4357
3081
7254
4396
5180
7853
2419
5018
1023
8739
3127
1377
9304
6206
6106
7159
3827
9326
2764
7107
6587
9945
6181
3806
9861
9232
5172
1581
3774
1460
2535
8344
8275
1355
7631
2864
818
792
5427
294
7077
5464
3934
7748
7554
2315
1289
6050
2512
3904
1418
9490
7913
1839
1389
4005
8558
2536
2831
3393
2798
5461
2490
1111
6647
1160
9606
1671
5847
1291
8095
6529
3566
1027
4480
5859
764
130
2573
756
447
4947
1896
2247
5671
3743
1582
6411
7220
876
6215
1809
1410
5142
743
5065
946
1080
2455
5023
1379
656
1595
5362
3836
1561
8180
574
8427
8956
121
3832
5518
7711
5556
2130
4454
3139
8262
9259
4960
7237
7601
2756
9024
6612
6505
3252
1189
8440
5356
2577
7889
848
1236
5104
8453
6058
8365
8907
5442
3354
5680
290
2535
8719
3533
1814
921
330
7123
2534
1932
7875
9444
1624
7138
3356
6305
4469
5498
3522
583
5244
1932
3383
620
6601
9828
270
7563
7291
3385
6622
9027
5153
2368
1941
5947
6207
7592
3133
2593
398
519
7167
1257
8531
2839
8643
8263
7908
5621
6841
8247
1918
2616
3437
4667
640
8648
2224
2912
7120
6080
5615
8796
7054
2985
4335
3864
5552
9210
4143
7306
45
9950
1442
5378
101
1328
9083
4167
8671
2106
6533
2379
375
848
792
5304
8435
7137
1196
7240
5270
1828
5222
7514
7056
4210
3731
9292
3388
5298
9809
6467
5880
7976
8487
1691
7880
1426
8310
8407
319
5883
3150
8008
5554
6228
1261
1332
529
6635
8637
9129
9970
6704
1760
7030
5603
298
1836
2589
1822
4718
6925
8476
2630
5693
1214
3346
1421
8094
425
8884
9627
3048
4408
7871
7880
8996
2391
7011
5402
6613
9023
542
9423
1745
7591
2041
5764
745
5942
7500
1943
4648
7591
7665
4915
7479
9142
1254
4842
6794
6674
5789
5525
7032
5589
527
9517
1400
562
5835
3251
7140
3411
9906
5634
3466
6923
2718
5863
3365
9107
6851
1383
8020
6442
8704
7407
6957
5849
28
5887
2865
1280
1657
3193
5667
9465
9711
2953
7609
7667
3593
962
2233
8677
7958
7487
2916
7351
4544
8752
984
7149
8775
5954
6000
9846
9006
6
8056
4292
1227
8279
2056
5909
7912
3500
153
7893
6508
7945
2852
5904
6611
1011
7298
1979
4654
2746
5429
5173
8863
8742
8528
8910
5342
8687
5846
6428
1815
7276
9436
9505
1564
7043
6101
1871
4948
7142
6805
511
7205
2756
6562
2089
5890
1536
3151
5515
8124
4942
180
8115
2100
5794
7615
323
9715
7230
7026
7370
5179
530
6594
538
9928
845
6982
544
706
5116
1672
4747
8493
2020
6849
4175
1707
5117
5261
6410
5706
9468
3801
437
5687
4742
1372
8651
7061
2400
6444
7357
3227
8805
9862
489
6144
3514
9252
5273
5972
2997
6216
3689
8775
2332
3802
1146
5898
5238
3777
9169
4566
978
1122
3847
186
3231
846
644
2721
7104
9773
3838
5261
2027
8413
5504
1508
5597
2823
6512
2084
8898
6812
3652
3531
2122
9269
1473
8310
175
7856
4047
3758
8004
3824
7720
3131
7151
8530
5066
5326
8257
8718
8031
9682
477
875
8895
7809
2939
5937
7341
6366
8582
3678
7373
5055
9244
6623
2979
6711
9406
9220
1356
2135
497
9003
31
625
2093
8664
6923
6404
4254
6999
2363
5553
7145
8254
2437
8621
646
3941
2643
8769
6503
9362
6669
4333
5744
1861
9141
3684
1410
2453
5463
7912
4772
8972
4744
5189
6796
2191
170
3425
2789
5499
960
9171
6644
5932
9303
8499
49
6333
6517
1410
4478
241
4174
231
5451
618
9382
261
3797
9267
5802
1846
7771
7851
7090
3342
5380
6094
6055
5038
978
2794
7069
5531
2682
9940
3128
2474
8384
6806
5732
2795
2592
4087
6259
4119
8937
8785
1587
2468
9194
2189
3630
3018
5820
7803
4774
591
8361
8794
3325
3573
5790
8558
9074
1048
1893
3075
3207
315
8071
9984
2219
1432
5885
6136
4919
8799
2331
9382
6698
4716
8543
5691
6893
277
528
3884
6486
5927
951
936
4079
5042
4199
2828
1346
1711
6380
3371
5442
7593
4456
3220
1481
6122
4387
8765
9460
5911
1404
1385
422
8524
1863
7877
982
5592
9144
8825
6174
1609
5023
1446
9986
1579
2269
6495
9646
8617
7543
9847
528
8335
8988
1838
948
8840
630
2384
4608
6702
5328
4585
8972
4689
1141
2471
2686
7644
5339
3044
7514
3353
9952
8509
6087
3504
1184
8098
7
3743
6691
8957
7244
1939
5579
5736
3894
4824
6495
3888
7427
9114
6921
1835
5493
6387
7890
1438
1259
2486
3770
7947
5318
3978
7788
9796
7660
5160
95
6959
7324
8565
7609
1102
2474
1395
1382
8799
6573
5847
525
9567
1203
118
2591
5714
6951
9002
4852
5849
1496
9355
3375
2201
5032
2543
7185
3492
3833
8256
2921
9709
6017
6431
6050
2557
3171
4521
4448
1035
6176
6119
5644
1674
6801
2177
6644
6733
4798
3266
4048
161
1606
7539
627
3324
9072
4098
8427
9265
1108
4931
9549
3160
3634
9402
2684
745
4441
1668
2576
189
555
2613
3952
5499
6979
2649
286
3280
9247
8119
2527
11
6519
5454
1970
2768
3798
6940
8232
5208
4369
2345
8630
1403
231
7222
6683
1703
7459
2016
7413
8243
1807
393
2031
5290
9023
683
4187
8187
9397
5464
7525
8708
4705
5548
7624
2763
5167
2556
2257
8984
7393
3889
7166
3063
2184
8235
9133
148
7354
6908
4624
8045
2530
7369
88
8213
6010
4138
9440
4984
2834
4053
9768
973
2232
6593
4371
8774
2585
7153
393
5817
7166
9902
1236
3548
8055
3825
8058
9183
5251
7701
5737
9100
188
5287
9437
6076
5562
7149
2264
8328
9188
7540
6472
6132
1978
5313
7731
9650
7819
153
9608
6929
5646
2946
1831
9473
2746
2368
8923
9548
4547
7119
8003
3135
2949
4804
7014
146
8921
2904
5382
5401
8282
5486
4126
715
5877
2698
2166
3100
9710
2176
3637
1742
3003
2330
9126
4055
1294
8062
8464
7811
5696
9611
8003
9542
1583
4887
1255
514
3587
8891
4839
1115
5990
9649
7194
7708
352
951
2133
1273
2630
3999
4619
826
6986
6124
7767
6740
9724
2845
7773
5065
2495
7881
1869
1148
3071
267
8566
904
8784
8985
6960
4944
6753
2312
560
2784
8105
3799
6214
2933
6659
4053
6257
8885
1737
5465
5356
7661
4787
6809
9441
5843
9401
3572
1721
6997
2561
7172
3245
3551
2305
8908
8806
9066
1853
1077
88
519
9834
442
6092
70
6647
5459
1299
9204
424
9199
8886
7109
2761
2183
8825
4862
4640
8023
3042
2891
9375
9704
3760
4483
9749
9204
3669
4643
1374
2986
1188
9536
4579
2493
330
51
9256
7695
8340
8275
4231
1112
1395
5364
2353
4612
7038
5378
6964
5572
7958
5134
3262
3568
564
8766
3708
5524
6251
610
2173
9773
7675
1034
4573
4840
7280
5932
6367
8664
8312
8287
9233
4239
8005
8921
378
3032
4673
6415
527
7460
4742
5252
9296
6087
3888
2328
3147
3527
4748
215
1688
5531
1837
9815
461
6344
4307
3002
486
7821
9912
6576
454
6309
6257
5078
4600
5980
1451
2877
4514
9492
9787
9779
1450
35
6426
1462
3962
4612
4284
495
985
2367
7793
4829
9916
8876
3763
3815
1730
8019
9445
3561
312
4936
1065
6856
2411
7557
8506
3269
5168
7687
9385
6620
5263
6512
974
4760
2087
9354
7571
947
2709
8429
7485
4597
1155
9633
1505
1353
9806
5556
3542
6799
3177
2839
749
1601
5706
1821
8378
9724
1762
1120
4154
7865
6047
8867
8157
5377
3040
6998
1391
8275
3914
647
1848
5641
6405
526
7515
6735
3178
2797
516
1666
5363
8733
1982
9437
4896
4904
6828
6154
2048
9900
531
8696
2067
8022
8705
4494
3044
9700
499
8663
5456
5418
3776
8822
5008
931
4253
8625
9853
8124
8708
6275
6972
7958
8373
2066
7679
9365
4064
6671
6668
1708
7369
2876
2681
4596
3744
8564
7654
3648
7315
8285
1547
7389
670
6049
2337
2962
3709
2031
4231
1209
9382
9199
101
3538
7825
5323
2351
1571
9563
5349
1164
2396
4009
7038
9712
8394
7650
3873
7963
5935
6057
8053
3057
3176
9096
8501
5294
5806
3070
8904
4124
3073
9361
7705
399
4755
3058
4936
1144
1434
8445
9397
7824
2100
3584
2507
6874
5396
5163
261
4174
802
4773
842
6555
7872
3068
6599
433
5922
5393
3320
4185
9502
6937
2571
8304
385
7620
8161
9358
4706
5218
1800
770
4182
7199
9976
5318
7558
8472
2049
8751
1485
3442
1996
7353
9764
770
5136
6554
1182
6109
3269
669
235
3721
529
451
5960
4104
590
3066
2784
679
1713
4313
8233
7330
6420
7880
8504
1785
970
2788
4323
6263
9792
2087
3272
4163
5905
3991
7127
6535
5707
8474
5812
277
1559
2210
6152
2561
4404
4219
629
8032
5830
879
1751
5485
4294
5791
8890
4250
1962
5203
3114
37
1413
9500
6833
2560
5092
3022
699
2640
2826
1029
9106
1610
6458
6758
9266
5210
4406
5594
3764
4624
1900
4834
3632
5389
7088
1923
6268
9703
7869
2583
7204
6482
90
7916
601
8999
5624
9496
8570
8867
4686
9705
9517
7260
3075
6498
9863
9666
3332
3196
9931
6119
9588
2840
759
28
3549
9823
1558
9904
9246
3010
6066
7840
1244
8994
6224
9253
5451
8514
4232
9104
2564
7509
8755
1228
1065
7270
7110
3336
7646
7458
2810
5784
3229
6099
5451
9656
8760
3142
3817
8369
9591
2845
9115
8121
9679
2152
8455
9483
3329
2477
5345
3995
3670
4019
5034
4615
5375
8390
9581
9438
5995
8992
7368
9410
7648
4158
4310
7794
5626
5561
3018
7043
7844
9643
2799
5915
3016
2788
53
5334
5782
6999
8657
5269
7956
9669
1366
3141
4485
4169
3599
5999
9219
2163
2861
5268
9247
1559
9774
7463
8830
5823
9854
2227
9486
4232
3914
14
8006
3523
2173
9220
6478
3999
1608
3203
5874
2298
4147
6691
2762
4002
9462
5489
7119
8162
6545
1774
1013
479
3412
2057
657
5829
7219
1919
7790
8561
1878
997
9347
2030
3455
534
8521
7035
6696
8674
5273
527
2594
3001
3601
6650
9909
6719
2254
3917
4792
5555
6084
6258
2056
3145
4780
4854
8172
7671
3567
8026
312
3770
2514
916
8788
7291
9016
6656
4063
3153
7777
5545
6692
6381
78
1348
8695
23
3164
5296
4398
1550
1684
5554
2250
2346
835
7578
2865
9122
8529
5292
6372
1078
7072
7284
7149
1658
5624
5146
7063
2505
2264
5170
5373
6402
4889
2852
1996
8360
5060
5301
254
6185
8302
800
3563
2306
5769
7089
4541
5579
3046
3810
2638
529
7346
8473
1610
2709
5274
2143
4621
764
7686
2333
3413
4055
6483
3307
1625
9417
8458
9787
1566
1169
6111
826
9850
1327
611
3642
2108
5663
4843
5950
3484
9289
9723
4768
7502
9131
6830
3922
9644
170
3401
6633
9436
4374
9448
7920
9230
3253
9864
9735
6271
9470
6989
3923
1521
7625
2166
7363
6654
687
1791
5261
1071
7356
3334
4947
9596
9249
5586
901
8876
9633
5422
3440
7055
6149
951
1130
8838
7756
4123
6860
6248
6295
2048
3620
4021
4570
5160
4748
8129
2920
6765
1036
6725
8544
7549
3860
1456
9662
4708
8239
4105
400
3086
9240
1357
3651
8945
5413
4799
4463
6080
7955
5281
3657
6154
9438
8521
7614
6889
5850
313
9215
9614
9797
6855
8836
8963
2317
351
4034
3320
6609
1960
1662
5794
6276
9917
3311
7845
3951
2110
2892
5159
9965
2227
3598
2442
819
6701
3626
4663
3336
8398
7520
5859
219
4169
5341
7912
3056
7998
6423
2015
2526
1474
2456
1869
1263
2034
4409
3539
9360
8977
9416
362
2084
7692
1023
5252
9444
1744
6274
9439
9379
9756
1992
8707
6837
5571
3097
5146
6767
8810
7528
9471
3814
6568
2667
72
197
8830
1291
3106
5588
1020
4896
7861
9208
3128
7081
5784
1811
4448
6167
2978
1405
385
1735
5684
2701
837
4254
6475
9462
7292
5604
4887
8710
4861
2010
8247
8505
6472
9994
2859
4962
3407
4702
2907
7294
8411
460
9796
3654
2810
8382
1140
8273
3271
9105
4593
2509
3199
3862
8109
174
7058
1075
8650
9897
1232
3630
3212
6802
1668
3185
7610
4189
4526
6662
8207
3104
3690
4122
5228
5414
1572
6140
863
9651
5626
7033
6465
2110
9781
8896
3302
6999
4352
692
638
8209
2759
9948
734
4649
5406
8971
5938
8569
9508
8045
6089
7825
9322
261
7566
5772
1504
7906
7133
644
5630
7729
6725
2830
6557
5493
9030
8293
4087
5515
9844
4148
6528
6233
9221
3123
3987
3093
5901
5772
4814
8883
7906
3656
2309
6617
8192
1177
4806
6685
7722
3847
4778
4986
9346
8812
1300
2455
1934
5872
6242
35
3956
4434
4227
2495
3901
1773
3638
14
1415
8397
8305
6005
7946
8451
5755
8182
5715
1665
5012
2760
599
9817
4403
8782
536
3778
7737
1588
4886
9158
241
4633
2169
2645
1801
4135
2759
7689
8121
4802
3867
3477
2493
5606
9147
6505
3879
6476
4656
8132
211
4117
3558
5883
4780
734
9686
3540
2638
2361
9300
4175
153
7009
5027
5412
1336
9599
5202
9002
6661
8857
6495
8600
6027
3128
8022
4602
2888
3060
7849
123
5230
1386
1370
8504
7920
6309
8395
1271
4969
4955
940
3019
1117
5738
3602
8858
6096
256
7539
1835
9431
864
2644
2737
1527
2559
5417
5965
9737
7723
1563
6324
4680
5829
5692
8194
4513
4661
97
6489
7979
3830
8436
6679
494
7739
987
2526
7758
4223
1357
5738
8170
9260
8406
5701
7350
436
7236
4585
1074
9408
3379
9328
8213
4030
4395
6379
592
4544
9291
1195
9639
6824
7226
2428
3559
1082
9479
205
1534
7335
5481
1658
5709
6975
2920
4849
7806
4114
2399
4126
9406
7134
2995
6661
2043
8473
9241
2790
2180
5230
6354
2954
6673
1343
4259
2009
4380
6852
2109
6215
2501
9587
3557
2589
1860
7633
637
315
3342
8700
5795
4598
8194
2250
7767
8449
3273
23
2780
984
4703
7339
3244
4527
7820
5221
3105
8052
175
9185
5932
7357
412
5270
1682
7621
6421
2420
8968
257
9442
1459
2190
6058
2131
9439
4526
2004
2636
7572
3696
507
1849
2780
9220
6587
4328
4617
1714
6384
7584
6180
9619
7049
1958
4757
5658
2572
2741
6309
6953
1404
6437
4790
8798
8820
2121
7874
1816
6374
4139
4195
4495
9308
3595
8447
1623
9556
9816
440
9934
7909
8642
2755
4019
5887
2619
8988
338
8684
3056
1194
5628
8528
2033
5582
637
4056
5985
155
617
4828
8937
8726
5377
8438
716
3550
2715
4824
7689
3201
1314
3716
8073
7995
4337
5007
5424
8751
5934
8847
1849
8706
1429
8324
7443
546
981
3348
7823
1031
8160
1398
9860
5437
4697
9780
6777
4891
3109
5946
2804
6499
2379
5949
1994
8612
5822
3049
6228
8288
72
4802
7178
3112
2157
6367
164
3675
4037
9856
24
3988
7575
1407
7908
7177
6989
4023
5438
7348
3164
4776
3255
2823
1455
3586
2108
137
2577
7378
7538
9754
4307
5234
8910
1152
4025
1416
9966
8525
8380
7863
4662
960
3362
5514
1606
516
7738
98
7127
6358
4656
8257
1953
7388
1611
3353
9618
9709
530
7027
2286
2456
2767
197
3481
3646
6939
8101
7874
5909
5134
5756
9178
1154
6902
6689
1758
1054
9642
9521
3748
9751
953
9491
5452
4399
5978
3299
6665
5803
2021
5884
1566
4095
5301
7982
4864
1328
7140
4894
3421
4982
6881
1531
1552
3313
2328
8590
276
7082
7450
7043
530
2729
2683
2019
1944
3908
5740
7078
9322
1409
5261
2433
5603
4871
1215
4118
8923
783
8641
5267
6790
3746
9444
8587
5396
8279
5662
7964
8844
8923
4303
1146
7197
9894
2270
8163
3929
1782
2349
1274
5869
5087
2131
1806
5924
228
4710
3015
9451
8580
5601
8400
2653
3024
3448
365
1434
7755
8559
5050
1888
7114
6820
2908
8363
299
8285
4830
3450
5498
9283
9046
1885
9361
6838
3248
7446
9554
2173
7673
3462
2006
7659
6881
7673
46
7977
5154
4101
6060
229
2374
4854
3065
9804
5432
9112
6986
2018
5530
8275
6674
4692
8224
7960
3357
6886
4986
8856
3381
493
4886
4443
5515
6878
6774
4348
7331
8219
9435
3933
7623
9146
5522
5031
4694
2571
6416
2813
187
3318
6680
4929
9113
1597
4681
5424
4187
8565
1349
2707
2396
1874
9992
260
4827
7720
979
9334
4576
3995
1608
3069
8997
6548
1288
367
3278
5304
4961
3506
5194
3895
3753
8645
90
5908
9434
9795
8102
7856
8801
6243
9658
9424
7994
786
4991
7841
4907
689
4671
9948
276
6528
5462
2338
1575
8275
2288
2431
9326
5015
6764
8385
4792
9992
2452
7679
2549
7882
8046
9681
1639
4945
8539
6402
4813
8270
9670
5887
828
8492
5655
333
3314
190
6612
8304
2203
3329
6630
7885
5943
5472
1566
3476
6198
4467
776
4309
1536
2623
7658
1684
6882
8445
7078
7595
2331
9530
4752
7739
7370
817
6920
3626
2811
5301
7361
6841
1166
4952
3049
5818
1966
9681
7404
8946
9580
6946
6943
2681
3145
1896
8892
585
6455
7232
3133
3519
623
6340
763
1194
9895
3639
9845
471
2046
6093
7598
8636
5486
3025
7652
2848
4869
2484
4518
9568
612
1124
9852
4149
2563
6491
65
7184
450
9065
990
7601
8435
1474
5800
809
7670
3324
4408
559
1897
9329
7789
6986
6803
7861
3411
7433
660
7814
9235
6698
6208
3868
4333
5935
2644
8577
1178
5832
2962
9091
569
6646
5798
9464
4030
661
2052
2323
3612
9039
7322
7361
8538
3195
2349
4839
2813
1798
9839
7860
9041
4029
7379
1400
8808
4790
7069
624
7870
8621
5354
8408
5666
8904
5697
5400
2664
7097
195
3316
4228
2430
7831
7590
153
392
470
6051
7606
1777
5222
3535
3167
7137
8637
347
2289
293
4146
1859
3297
6596
1136
3586
5100
2194
1825
5434
3809
857
8359
8546
2371
3199
5299
5792
5748
442
6398
6741
1051
8557
598
1885
4360
8453
1801
3333
6456
9024
2855
9393
9233
5353
5579
8304
8465
3538
2161
6204
1001
8305
1046
5013
2827
4637
8896
7358
7615
5527
2009
4321
8693
4618
8916
1033
6164
2982
2175
9694
6526
2523
6522
5792
4671
4184
4176
9796
3219
7764
8519
3381
6400
8827
8276
334
1800
1258
1806
8176
241
9510
9716
7489
8526
9090
6906
362
36
8233
8327
2031
16
8649
2066
4769
9143
3641
2809
7569
8186
1280
9985
6894
4762
5827
7844
8935
1710
2144
1923
966
4676
7425
5991
5765
6707
4635
6163
2989
2437
2785
8809
1545
3843
4993
1510
1841
2505
1247
7168
977
9039
9245
9378
2709
82
6523
763
2200
701
166
3583
5419
8431
6552
3862
3946
6501
6115
9750
6313
6100
1618
2406
4863
2997
1204
7675
4570
1987
9500
8202
2828
125
9383
5414
5520
9495
212
1833
7439
1018
745
9778
8856
8090
10
9712
839
9837
5732
7411
5704
7863
5123
9947
7381
3441
8081
9875
2323
8967
3310
1084
1924
9131
757
1913
476
7233
380
1188
6114
288
181
630
5831
4396
1176
4560
7061
7207
5681
166
6306
5032
3800
2829
4071
9358
809
6762
4789
4418
4549
5985
9015
1950
2502
3432
1254
9860
4981
7891
2152
3288
1881
2176
4965
1845
2961
2882
9401
9629
2294
6959
4479
7813
5430
4455
1429
5205
3225
9065
6561
7933
2939
1077
9110
7223
8846
3226
680
330
5950
4014
9657
1199
8407
2660
4366
2010
6641
3029
7248
221
6799
1476
9799
469
8047
1113
8579
2973
8656
5093
4755
4774
8032
3144
3073
806
3248
3333
3406
8784
5988
6620
2226
6276
70
3706
5989
585
6705
3606
905
3718
3992
4573
5064
9123
2131
382
3748
9696
5724
4683
4356
310
2922
4005
5411
3766
8794
9153
2920
9830
4239
8283
5905
1012
3200
525
4822
7017
5246
4151
2102
4332
8382
9501
3720
3543
1891
9548
6947
9593
1567
1689
9123
2641
2447
5132
3356
462
7331
5318
8208
1242
7742
7692
1059
6203
8209
8360
571
4974
6380
1949
6420
3703
11
3496
1430
1781
3598
146
2188
8424
7626
6815
6635
5784
6856
7940
5543
2724
9477
8175
5442
8974
6721
70
2176
3180
3746
5057
8099
4991
6167
2353
2659
3263
2380
1104
7697
8143
3734
5249
7016
1218
6155
9518
11
7019
1860
9269
3874
9705
3882
7971
8746
103
1972
1002
2601
3816
547
7819
6971
1270
6069
3806
4871
3666
7935
2153
8156
2874
5273
7989
3056
3799
5163
163
5656
2349
2264
2725
6710
799
7510
5418
1279
5538
8408
4562
9257
7998
803
740
7424
1646
829
953
8036
4634
2849
130
6684
1360
740
1951
6597
566
5276
9816
3762
900
4779
2020
5930
9230
3537
4154
7880
297
6259
3122
3369
6066
7893
2554
7195
1946
6557
431
403
889
9692
439
9301
8617
5883
4945
928
9000
3989
408
358
5885
3380
4471
4083
977
110
4894
5306
3662
6994
7219
2961
5092
6545
4669
5210
7203
3364
5758
4270
7731
2568
9164
7551
1916
4930
5040
2445
5317
2447
1011
3765
4287
4067
9703
5733
2027
9255
3238
2902
5163
8034
4896
8724
8642
3106
5255
900
8703
6021
1674
8469
3175
6559
4951
7211
9647
4044
9972
7299
2038
8754
7951
5518
1153
2703
4623
7502
615
699
78
4786
2251
2008
7314
1485
666
8703
5973
1663
3253
8497
7548
3063
2948
8913
3827
9053
1368
3189
3672
1963
1605
1514
455
3885
2653
693
1331
6210
9182
9526
1808
9728
186
4521
5330
3717
7440
6339
8782
1915
4667
2387
7691
1973
8556
5385
8494
3708
1955
8710
8557
7987
148
4635
2585
5108
7948
6607
3026
5998
5854
3495
1243
7782
1900
9536
1852
1682
9235
3588
6727
6468
2852
3428
4870
3191
9471
9014
8396
3500
454
9513
7164
8145
3549
322
4188
3382
8547
398
2114
6516
4269
3535
3536
2209
381
8271
2346
2800
5332
309
6382
8711
1134
6501
5314
4379
1533
5308
7486
3470
2378
3570
7610
9966
7152
4687
5572
957
5386
2734
8646
3930
7322
1473
272
3205
6039
7835
154
8382
517
8600
6838
4602
4484
4184
1642
6506
2178
9966
1112
8275
3666
1965
2599
4587
9656
5869
7316
1248
646
1673
4114
326
8175
9871
9056
3188
2460
195
5475
4348
2728
2985
9720
3549
187
3880
3409
4166
9174
4161
895
1111
3132
149
4611
5218
7866
6928
4186
3234
1092
6859
3876
4689
8337
5267
8807
2845
5837
1801
7362
2433
8446
9664
2534
3788
4166
5958
7510
2919
3198
8631
7455
5003
5628
7620
5714
109
5458
4127
2859
8976
2989
1283
8446
2476
4929
6220
3993
667
1245
7489
9545
9951
8724
2381
41
3885
5181
6241
9721
3188
5849
5490
4474
8682
3186
7999
4678
7018
9230
6684
5980
9317
8043
4747
7511
822
87
5004
2340
3312
450
7619
2192
4789
871
9179
3650
3604
9564
526
5617
373
148
7868
2159
9002
7344
8005
1935
1671
964
7165
7330
2570
3596
42
8317
9223
5414
9241
6966
90
603
4536
1222
3631
2361
3800
5599
1702
9546
3138
2175
2215
6614
8084
7511
2074
8760
1360
2235
1710
2074
7347
1584
5244
6738
216
3008
3923
1218
1165
6660
2655
4610
4390
9226
8662
5800
17
9264
5786
1587
3555
2312
3910
560
7847
4388
928
9710
9076
8403
5508
2667
3193
9169
4995
2862
6194
7321
8610
3149
9514
2790
1494
4431
5565
3547
8594
248
3162
262
4334
6516
2423
5511
5734
5466
4907
8217
3473
9600
404
5053
1435
9995
7761
432
1239
6827
1288
527
2810
4337
1029
9026
2422
55
8700
8558
4621
1318
8241
5366
4848
844
1084
5534
2615
4830
3397
3051
4315
2180
6679
19
3974
4256
7984
9095
1037
1732
5420
9263
2575
6623
1093
7946
5715
1768
6518
800
6772
922
7111
7911
5811
4109
8536
1444
4051
8312
3628
8220
9011
7687
4511
8959
9341
2425
6089
8005
8698
9193
8250
2301
9223
787
360
1859
4451
4666
6588
9122
3697
450
2125
6060
882
4867
6395
6577
2063
4902
3488
3128
2225
1834
3766
7568
8978
5512
643
6507
3248
6935
4790
8949
2445
4331
629
6368
926
8239
3035
5174
5956
8640
6764
5783
570
4513
296
4282
1470
7903
4490
542
8758
7651
7978
1212
558
9730
5980
5077
8158
8905
6537
2553
3095
7717
5073
6773
9626
3604
4485
6465
5903
4902
4746
7936
6411
7360
3288
3748
9474
3855
2462
4903
7125
5405
8621
3354
2035
6778
1435
9438
6895
6213
4985
8308
7270
6315
7070
4386
8657
3672
7930
9870
1207
5435
5548
2914
4680
5692
4106
8535
9971
2999
2574
7194
5309
5080
9094
8026
1408
2696
2016
9746
914
5573
7191
5937
4498
9363
1392
3885
1461
9596
3687
5360
6068
6495
7120
2578
65
8563
7240
2272
3319
5859
5952
5760
3416
9128
1108
5018
5304
4460
1846
8234
9795
3681
8012
9912
7511
3852
3358
7656
5310
9534
9015
1106
1151
2075
8828
340
4257
6935
9085
6202
1086
8659
3962
6202
4191
3941
680
2065
1914
6936
390
3711
1305
8245
2949
3747
440
5305
5920
4030
8427
125
6493
4810
6051
6459
8684
179
4919
2189
3667
455
9010
5463
9357
8316
184
8601
7063
1226
3148
9749
8751
4866
936
9779
2131
3142
9074
9206
6197
4359
8966
8622
2434
6022
3382
9919
3668
6525
8993
4684
3748
8265
6902
43
5310
8591
9462
8970
4338
2690
6346
2279
446
3218
5796
6847
4504
7878
4133
6811
7885
4535
5379
5950
3113
2242
8707
6333
8804
6381
4353
9621
4866
7641
2112
6886
8767
3901
3267
8309
7748
6861
6399
4238
4901
2598
5203
3147
3672
9522
3238
9220
4280
472
4268
6590
9647
8254
4643
6135
5547
7089
4656
2257
8981
3305
453
1928
7749
5797
8562
5985
2142
1889
1009
7082
2443
5403
8455
8519
6664
9056
4250
5717
3507
1918
5030
906
1435
8595
5705
305
2732
8517
8320
9501
3121
805
3737
1482
6224
6586
4847
1702
786
9677
9769
1382
662
8753
9985
3516
9824
4072
8708
427
3431
890
2198
7212
4590
4484
1155
8296
1956
732
9938
2867
874
3985
3013
2311
8951
8082
442
3501
5673
6672
9185
5591
5432
4693
4556
7666
3113
5506
9324
7555
3680
7058
2512
6740
8243
5892
9272
8846
6827
9526
6617
5067
3617
8267
7263
560
2775
157
8595
4620
7130
2939
9670
5342
9271
1035
6847
1537
1305
6614
4053
7126
6785
4642
6967
7806
4223
7525
343
2138
4352
5258
4592
4943
3149
3659
5054
7533
5512
2576
5217
3044
7999
6333
4679
2544
8623
9187
4867
3796
3301
2638
745
1841
2963
5279
7526
1561
1902
2915
5776
5034
7140
942
2148
5558
4266
6413
958
9513
4742
5940
4661
9320
678
3137
6239
7214
5964
9372
519
7940
752
9275
2151
3527
4226
7725
5899
3686
9453
835
4935
1506
4874
1716
8674
2559
7633
5089
8288
4686
4370
9461
9265
3116
308
6217
462
1500
3393
8624
8878
2626
6022
7538
5147
5031
8130
7675
8802
4399
2061
9561
2670
2116
6777
6072
3801
7028
7358
4990
5677
5573
5075
6811
7317
5290
5813
6797
2671
3377
1769
7954
275
8266
1313
4449
6
691
5157
1285
9136
4973
5721
4139
2872
9132
7576
2972
2584
774
8177
8882
6445
3748
8508
1772
2325
6336
4809
9811
4211
9430
7935
3963
2681
7059
1514
6107
608
6913
8022
5829
7220
5996
9421
8024
914
5269
6067
508
8131
1764
6676
3431
198
2664
3899
5233
2336
2792
1862
5220
472
8416
420
3347
1140
6363
1895
1759
1028
1996
9653
6785
9927
98
1492
3579
1572
511
5108
717
1251
5298
4589
1607
1019
4220
4784
7459
5821
7543
5952
708
3990
595
1041
3468
8565
8719
3785
4643
7792
3961
8993
3915
6524
3695
4179
9899
342
7898
9461
7641
6548
986
8469
7679
8563
1612
1029
2458
2672
2695
9648
238
8947
7062
6829
9722
51
3158
4262
2682
2196
3850
2420
7617
6848
8312
694
6428
9232
5362
8415
6581
5107
4850
6705
6550
6786
8100
215
2829
7266
5685
6139
196
4736
699
9909
8585
7800
7541
5213
972
1857
8979
5934
5959
3542
7715
7213
3717
4004
3150
7750
4356
5021
9068
2039
2135
6284
573
2078
9173
9618
4987
5441
6580
9263
6551
897
4735
5399
2947
3379
753
5336
142
8389
8615
9920
8117
7210
656
6125
1192
641
828
1514
1441
3458
3394
1058
8274
9236
9753
8556
4304
8608
9918
7091
2708
4987
9362
6297
1002
278
1820
4116
9240
5596
2955
3589
9767
4444
2952
118
4081
3273
188
8195
806
8574
3739
6462
3379
4914
8938
6948
5522
3531
6588
3291
174
9575
7797
9950
5357
7917
2070
363
7186
7211
8460
1532
3585
9544
43
5008
7232
3990
2487
5714
210
3296
354
1903
4041
6074
2801
1165
9968
2853
991
4671
1580
4531
4410
706
7125
7685
2734
1558
4166
7266
157
536
6204
7110
3114
2174
4024
1331
455
8645
3203
9068
1710
6292
4976
5977
2889
8649
7522
1953
3986
8661
3941
7497
9668
5020
7759
9401
5318
5060
1647
775
6851
8462
891
3306
7234
8392
1041
6072
1429
7622
5213
2154
8953
4640
3109
3340
7080
3646
412
2951
9972
9859
3172
7698
7007
2900
1456
6492
178
926
7433
5171
5820
7270
3349
6572
1384
7193
6887
4612
8685
4430
8991
1754
3579
8785
6042
2020
3121
7452
3043
2069
2594
7074
3481
497
2988
4271
9156
944
6498
3449
9975
6524
3658
3410
7830
5440
5666
131
1290
2584
5318
355
5689
9926
804
8616
2780
7035
6619
4470
8209
9012
4792
8320
8785
3887
8004
9720
7217
9457
7742
2531
5698
7810
71
7500
6172
7893
3918
8488
6026
4274
2667
412
5530
7193
8876
6925
6872
9138
3158
1140
9835
9083
1660
3164
2799
8890
9430
4669
481
3586
6888
3437
9885
9185
5206
2587
359
9526
985
4738
2963
159
2511
505
4906
9307
843
2283
9768
7502
5829
4031
8573
1749
6313
1468
3303
3333
4388
6673
1470
2681
3698
6358
9407
7545
8431
7994
6056
9021
2722
4872
5304
9714
9337
7885
5350
8032
3930
9201
3051
3886
8705
1295
7146
8727
2920
8712
6466
7437
8442
8766
3009
8576
1874
3137
1693
1562
5064
6965
609
3171
3212
858
9892
6777
2946
7456
1587
6512
5236
2462
1663
6174
1097
4299
2936
5585
3497
9526
4205
7577
7144
4691
5660
2568
226
682
7991
3078
7255
5619
153
4829
3915
191
2416
9944
9538
7371
6522
3234
9919
5231
4324
2868
4455
3149
5889
1478
9657
1657
4928
330
4393
9681
1564
5196
8539
7724
6313
1543
8289
1776
7031
1313
2153
6659
1432
5464
2590
8984
3585
7078
4537
5511
8620
8113
8763
1143
7906
2198
1703
3928
6326
2750
2852
4951
3163
2465
6547
6062
7991
9303
8610
8441
3094
6016
6020
5207
7432
9504
8703
695
8176
216
9459
2363
4086
5671
1643
2995
5861
9188
1152
316
9311
5433
670
5281
3207
7776
5978
2741
1009
2115
6039
8183
9835
5544
4858
8412
3406
2298
9220
2700
5448
2706
4383
2221
3530
5090
7237
2429
2137
8381
5751
5803
5794
5480
2237
8365
7870
4168
3767
1261
9550
6253
3189
7509
9118
651
5120
7803
814
3271
8511
4909
6967
3543
3139
2219
4140
9003
1150
1907
766
6747
4436
367
7254
9887
2337
1514
2964
6358
3931
1907
5286
9725
1910
909
5691
9934
4266
6215
7881
5515
4594
9768
3884
4311
7249
826
5460
9125
5079
5031
9174
581
3131
5480
8599
3180
3956
5285
7864
1984
6960
5192
1446
419
9373
6876
6326
6042
8478
7204
116
4011
6077
659
1588
8161
861
9520
5098
9514
5926
1694
3332
5447
4941
9742
9949
8275
3316
9373
