9728
2339
6208
3790
780
8537
6659
608
4473
8465
3256
1684
9086
633
7127
6700
4219
7450
9508
4591
2385
16
4028
1081
5413
1677
9862
8400
5472
1685
9528
4507
4019
2662
1473
387
2990
9592
808
902
6102
2803
6334
7799
3031
5261
4714
9192
2074
7693
1093
8716
7842
9329
2719
270
1045
6771
3861
3082
5184
3544
2198
4637
6348
7211
7367
8949
9765
7371
2264
4852
4912
9632
3048
8899
5428
570
664
7676
7509
8386
6084
609
5471
51
1900
5335
6556
1620
9191
4270
9083
1241
3361
2275
8649
5136
6702
8474
1127
8566
2062
3436
3514
3093
2979
5470
323
5404
2457
5820
4946
6170
5905
6177
3606
5288
6125
6575
4951
6979
662
3055
5645
6280
2853
5998
2303
5688
4260
8658
444
2753
3705
5703
1718
2216
2186
5179
6609
2263
9337
8184
324
8331
2519
4836
8418
8865
5310
2444
6643
6204
5340
6686
4261
9769
890
7779
5455
8945
9254
1717
5722
5498
1700
3760
4987
8415
2963
2274
9760
1368
1454
3720
5632
8536
3815
688
333
2783
8571
3290
8648
836
7777
6891
7647
7541
5041
5557
3369
7155
1075
2716
7733
9872
6232
8029
6004
3125
30
1598
5428
5181
5698
7499
7826
2141
9708
9467
4524
6067
2251
2306
91
5345
9892
264
3389
5230
2472
2432
8668
1858
9979
1827
1825
5711
647
7808
9347
8316
5276
148
6564
7062
2660
7871
9910
7591
3900
8827
9032
5061
5884
7352
8118
3451
6043
1198
894
6982
1325
2674
7094
9340
5
4261
6371
5147
142
7586
5372
3530
6809
7896
1793
4168
2679
3688
2790
2716
8895
1051
9180
6471
3749
8734
4707
4023
965
4590
9446
8091
6781
6518
9139
3397
784
834
3617
2664
7856
7932
1013
7313
6488
47
6891
8116
1580
141
1340
748
6948
7396
4676
7885
4067
1334
1616
4439
2648
1622
1370
3703
1336
2676
8965
8187
3659
1445
4399
8437
4154
3610
7163
7679
8166
1676
7690
5721
6466
8853
986
4620
6280
9068
9107
9567
1380
5597
4036
4955
9652
3199
3578
3336
6442
6690
5516
9698
8561
1141
7644
7326
1176
4402
6257
2967
4963
38
7743
7256
509
7003
1983
9918
881
6449
8716
1163
9010
1903
9953
7491
4766
3751
5131
1597
3028
6709
3626
5899
3789
3545
6105
9718
5914
8287
5049
1353
770
923
4238
7754
8202
9876
4881
3737
9640
1917
1154
8018
6810
3549
5250
5657
4617
5307
7079
8330
6842
5855
6055
6364
3700
7331
5959
2150
2473
7846
8283
5652
361
5079
3430
4338
3131
4556
4721
7639
602
9280
8537
571
7803
1666
748
3740
6239
4244
8143
8525
8000
7295
3168
8048
4672
432
2166
8134
1821
2579
7301
7704
3985
9096
3571
6899
9346
1690
8113
8054
7933
7663
2760
60
3826
2317
391
8637
3432
6087
1553
706
9436
828
5614
9031
4387
6194
1898
9432
3685
4688
3178
7019
5038
9055
6086
5850
1364
8302
6253
8023
4708
8252
1629
5395
7155
1369
7512
7311
7090
3794
2189
8584
697
5226
9879
504
6010
4822
1095
7259
4123
8101
349
8526
2438
9835
3768
1416
131
1636
7393
5818
8530
9320
2989
2541
6727
8089
7660
2953
9124
2004
2153
2042
412
2367
8199
2483
5821
9704
2186
1488
7413
9011
5906
17
2912
8088
4088
435
2360
694
3836
6186
519
5979
7540
2405
4195
2174
3161
7479
6575
6960
4285
2043
3068
1164
2209
7025
7046
1417
4987
1833
2224
7590
1512
8595
5559
9487
2726
9647
8252
3331
2830
5335
8409
8624
5349
8554
9874
1244
8189
7838
9485
1615
2506
4371
6819
8386
9633
5903
3685
6956
6430
9592
3112
4007
5146
1564
595
2755
9800
4220
8751
8364
8629
9928
1987
3941
2729
9139
132
9117
778
1397
8558
36
3732
3265
683
2604
9835
6509
9008
2504
2482
3349
847
5541
9324
2454
1034
7062
3392
2733
8228
6422
2802
8132
8733
7517
440
5869
2697
360
5599
3954
9570
7305
4485
5660
1477
6894
8869
8261
3173
9816
4817
1291
2358
9843
4049
8397
6502
2327
9693
8990
1552
6898
8628
5245
9097
7752
3915
8758
8697
3417
6819
3880
5430
33
6496
4436
3084
213
5100
5055
552
9308
7976
2115
1329
5803
4251
3717
777
7534
7672
1869
5729
907
997
5884
5867
3612
9960
8145
7059
5856
2740
8282
8665
7030
9712
5718
7376
5446
4017
8353
6565
7144
9294
9503
510
1889
1638
4058
819
1601
7712
7174
7238
9306
4378
7869
2613
1411
7041
2253
1971
2969
1329
3476
1037
4440
8079
3845
8585
6149
2952
8774
1406
1314
2062
6802
7944
9302
3038
393
204
5894
517
5353
3621
2881
1381
5810
4200
6561
6244
1996
3384
8405
6154
9205
3552
1202
6482
9886
6969
6400
9076
1719
1329
88
5067
4122
3425
1385
3730
4302
4147
4005
9638
8966
9613
2644
9285
1059
2154
9602
6442
6030
5892
4156
5647
5379
5170
1807
1566
741
3249
5236
3980
5277
4404
3955
6480
8923
2853
3856
9424
6377
1879
337
753
8420
6890
2570
2932
4165
4645
4749
1445
1991
1071
8262
6359
1510
8089
314
9371
9615
9254
8038
84
6883
9355
7921
5008
1672
7397
8953
8508
7949
6444
6135
1997
5404
3411
7368
5296
906
144
6355
3170
7628
7482
8111
8099
8864
6958
2710
1362
4873
3445
5930
9315
6318
1533
9085
4536
1563
3280
5001
3879
4263
4446
5697
6884
1923
8378
7721
4960
3505
3026
1798
2923
7141
8881
7580
1613
8764
7749
5230
7031
6610
911
3152
9089
9904
9148
3158
4682
4892
7917
1700
9811
1487
2714
121
2778
4274
8515
2971
6535
7124
4045
9315
133
708
2040
2119
6096
8848
9456
8228
2531
8181
263
2264
16
3743
8347
6280
7650
2430
7004
5014
3720
2795
7508
662
8226
4731
6430
6488
1987
9276
1709
216
139
3220
890
5846
566
1245
7107
8480
6
9758
9213
3710
1441
9539
6917
8190
9831
9921
7958
4349
9413
5014
2751
5539
5145
8254
7261
3126
6034
1103
4131
2812
165
7900
1166
9877
3204
768
6772
1029
6498
5693
1192
5945
223
9454
3539
4247
8692
3252
3775
3709
4862
3854
4896
7812
1879
1830
8115
4164
7080
9550
5439
8653
2735
7160
1266
8837
8252
4167
7147
1547
4755
1149
6127
8791
4258
5856
2111
1486
7825
1340
769
6552
6312
6129
7814
2756
3776
6703
1206
5436
1783
5684
5204
3995
4039
8857
431
5522
3517
8275
3448
1593
6952
4099
2938
6923
8068
916
1753
3217
9587
9675
2585
6860
1889
85
9687
3326
2660
3668
5130
9317
9466
6592
4098
3512
7229
5045
430
6657
5790
7287
6837
1622
9927
2587
8082
1750
8872
1652
6894
3507
9087
6651
6311
4403
5596
1414
4025
5772
1134
8614
907
9613
4055
7027
9319
8149
7379
1733
5596
3963
4366
4674
9707
9836
2856
541
2818
5486
6956
4309
716
1333
9484
4396
3803
4534
8
5098
9516
3145
1786
3711
4248
8871
8412
6457
4728
5957
684
6017
4932
366
8108
8092
3411
9813
653
166
1019
4178
9769
9682
9169
54
8721
135
3958
4417
6820
3755
9923
3402
1050
2367
2431
6966
1292
1398
3984
560
8690
122
830
9571
8174
521
931
7110
5085
4674
921
833
4537
7188
7300
4
2717
6014
1512
2154
8591
3934
1617
1220
4725
3519
7992
4707
8271
6097
3861
6785
7800
3372
1986
2819
7812
837
7608
581
8608
6621
8416
9475
2973
1279
2515
4854
28
9362
5324
7916
7574
1502
3484
3579
4842
6904
482
3047
1320
2499
321
369
3455
3422
7171
2291
5707
6752
1952
4320
5954
9344
7726
571
1621
5213
3371
4201
4404
863
9650
1522
8800
1998
7990
9783
6818
1418
1098
2290
765
5310
1125
121
3257
8756
1449
1188
6120
5344
8026
1421
8490
6886
4758
9420
2081
3092
7481
8756
4348
6891
3460
1347
195
2451
506
3809
1456
61
9525
2812
2293
6571
6729
602
4445
6331
9599
1589
3342
4535
7000
8770
708
8793
3956
1640
9744
1885
9861
2787
8525
9328
5860
8061
4996
3251
7443
5169
5531
6719
4849
2218
9523
9501
3840
1194
639
9858
886
473
7359
8176
9732
6009
2419
360
9031
8863
5137
678
5740
4664
6463
8354
3917
9328
8562
8702
7784
5372
699
7722
1877
9812
9487
3236
6349
4431
7472
97
3576
6162
5984
5387
364
5740
9931
5713
1693
6720
853
2223
5082
500
2115
7845
8195
6766
6643
6264
2844
2346
7528
2445
630
3899
3075
4711
1128
1312
8598
8296
789
1724
9797
6746
9470
9167
7074
4994
6586
1616
5842
1223
2983
3552
7598
1597
7848
2934
4603
1047
1925
4338
4504
8059
4330
5365
4183
4457
4517
6759
6718
9004
8055
7399
5006
8035
4898
8675
7547
4750
5275
8057
4266
2056
8049
694
1180
2000
6281
2479
3657
1775
1991
2471
542
6323
3555
1945
9969
5296
8167
4860
1920
455
6348
3977
4157
1893
8998
1566
5576
5311
9870
9683
3928
6597
5911
8142
8723
7283
5633
9847
130
9902
1725
5710
3926
5211
800
5168
7364
2873
904
3080
9603
3308
8112
4064
8088
7073
4208
5110
9285
5000
4203
4219
9546
6862
7366
1522
7320
6365
9811
4047
7770
4681
1913
6683
7977
5321
7210
9958
2702
2817
1815
5879
269
3621
3278
3257
158
7857
9835
7437
3179
833
1303
2512
5607
8855
2023
1815
212
9047
6882
6513
73
7643
5006
504
1380
2553
4025
9224
378
2786
6689
7498
6023
3444
4068
9814
6670
6770
1556
9976
9205
782
6111
711
948
2305
6122
1466
1679
9788
9157
9842
645
4372
8538
9003
5065
5537
2803
4395
783
8536
9443
5327
2085
4946
9255
1361
2137
9663
3354
6022
2912
4895
247
2086
626
2448
1108
2885
8140
8854
3099
141
1626
4727
2821
6029
7612
5957
2982
6554
5845
8163
2385
8923
8356
166
1277
3372
480
957
7410
5312
8354
5645
219
2588
3485
9343
4297
1129
5857
4304
5396
2171
6496
8358
576
5915
1702
6828
6232
6324
4584
3092
6736
9532
2239
991
9667
7241
2053
8905
9252
2912
5243
64
6848
8837
2893
1244
4298
6767
5265
4079
3989
9939
3904
678
6090
7099
5505
6194
6523
2231
1071
8099
6232
4494
9098
6382
3680
2411
2017
9598
4394
717
9777
4571
3995
7742
965
9030
6716
2802
3962
4249
8662
749
8472
4466
5762
2729
1308
9575
4692
8561
1642
925
1187
7738
5108
6099
7586
5994
5436
9439
5033
3808
4069
6136
9951
2457
4664
5211
2820
8329
1533
6255
9708
2521
7584
1438
32
4500
6113
123
7646
2801
8371
8441
7443
6062
5587
5788
8096
6018
6710
8384
3765
4382
2001
8868
2049
6071
7870
3536
9637
6951
7088
8159
9426
3904
8267
1790
9533
6057
2238
3882
8584
2232
4552
6574
7919
8951
3500
215
440
2501
3849
1482
9436
6621
2867
4990
1983
5028
8161
4968
6931
5496
7427
4767
5216
4086
1371
4657
9985
5970
984
9674
8905
8027
1027
7085
3092
1679
4669
7867
7635
612
6644
2395
842
6350
6545
1505
2933
5033
8783
7337
6344
9004
3977
864
7310
9662
9837
7514
8158
2840
5794
4132
2582
1247
6689
2112
7394
348
178
43
921
6672
2070
1146
5792
671
4073
2334
8125
1899
4582
2634
1905
6652
9855
5319
5508
9057
5686
2635
83
4901
3061
4907
4600
9564
397
3353
3254
9705
2896
3902
8568
6355
9412
2197
3589
6396
8138
5293
2847
157
4698
6851
3841
850
705
9535
4457
4731
8483
9830
2355
4619
9656
9039
2311
7351
4900
9440
8483
8760
9077
7775
2202
3528
2593
7747
576
2021
2814
9345
3656
9121
3787
1618
9386
8610
9863
3998
5809
5993
731
7872
5825
2462
1533
7714
3626
9908
736
1444
531
927
4559
9024
5063
4469
9126
737
6740
8786
877
704
1229
8000
5023
3104
8982
8642
9051
4635
1791
5043
627
2036
8647
7449
1385
4946
2892
7247
3139
7145
3887
6306
8820
9583
8373
1441
5115
182
423
8342
9778
1553
5369
4257
7978
8482
2043
8541
2373
5957
9837
5012
6498
951
1360
1788
111
9506
5211
3033
2126
6143
7942
8108
2961
9374
9298
1637
4704
5480
4808
9783
2554
1933
7856
9228
1662
4642
3798
5786
6041
5637
3995
2307
2471
9450
9158
1120
8855
5048
5790
471
7718
1348
4852
4227
9186
5187
6167
6209
2414
6130
915
1797
6455
5058
9712
526
4493
2586
4896
6754
5351
3301
7123
8799
5681
5140
5239
6523
8953
8288
8148
2651
4517
6084
7264
443
7625
4167
8745
8810
3193
9651
7474
2951
9774
9222
5073
4105
5822
5779
9155
8144
966
1957
3807
9427
4856
8121
5034
1040
7695
5426
2312
2520
4816
3730
4542
6078
3216
8465
3760
6429
6931
7374
1594
9537
9122
2323
2192
4337
8753
3779
4616
8412
6121
2248
8164
7645
578
211
704
7106
766
1365
2005
2755
6577
9460
6245
6956
5025
461
3195
5520
4423
7940
3363
9733
1498
1794
2578
545
3840
1069
3
5464
6658
9773
3142
940
3524
2862
3479
1204
8526
9037
1943
2698
9329
8121
5956
4221
2868
8060
1256
8411
5859
6695
2433
8096
6936
233
8104
1194
385
5904
4472
1485
2991
5000
3409
2573
2273
3288
5296
2431
3601
6699
6311
9163
4161
6954
5486
2451
5330
512
8554
1049
5495
3393
2508
3494
811
9736
5293
2905
9700
3602
226
7889
1659
8430
742
6469
6038
6670
9848
5918
4134
8369
7130
8443
4281
6653
575
682
7135
6356
4230
464
2080
1264
2729
2525
1387
6274
5153
2529
3367
1426
8446
1332
7281
4806
3621
6533
3569
939
7362
3066
8549
552
5294
9393
1891
9357
8811
4220
9577
4117
3949
2014
3030
1825
726
4890
7447
8883
3737
7884
544
2505
9379
3478
3409
4664
4189
9845
1078
6157
4753
364
6170
7736
2888
239
8595
9268
9820
4526
4721
4656
5140
3466
1217
4958
3338
9143
1112
116
9728
2741
8122
8048
7562
6115
8268
5145
8710
5652
1755
6087
1391
4013
3688
3694
1017
1193
30
8476
5998
2249
4890
2452
9377
4985
6151
8974
41
9456
5634
724
7576
5024
1237
270
4805
2255
1588
8231
6910
4439
6319
9554
906
3305
4055
4180
2545
2804
4800
8727
7098
1978
6481
553
5090
8501
2143
6525
4214
3828
9299
2535
2852
9864
7167
9559
9755
6462
805
5482
432
8181
4159
251
9725
6507
4977
9413
751
30
4683
5622
5205
3009
3796
6733
3552
8228
1497
1648
4832
3449
6880
3733
5310
1535
9709
1434
8210
5635
1075
5510
2703
9288
9214
9241
8236
9007
3546
5499
8531
1042
3422
1761
9630
2454
2199
3982
1378
4956
9002
3036
4091
8735
3941
1913
1468
2300
2151
198
7989
2990
2660
3532
1379
5537
6660
1258
919
6822
7674
7986
673
9144
9467
1421
9206
4948
8589
8813
1666
732
3153
7369
6324
1129
6918
545
5769
8864
6182
5892
493
9837
1019
5686
9360
3621
6897
7834
3886
8677
3161
2582
2316
8116
5103
2404
2532
7707
6863
2230
9225
4241
7915
6304
1776
854
4666
208
4178
8324
1703
154
2265
1975
9504
7910
6865
1543
2211
5196
5250
5623
1987
5064
121
8353
8615
1550
970
5441
6460
3760
7733
6329
3971
8695
5225
9685
5375
1341
599
3988
1732
8248
2133
2245
6069
8961
6918
6026
1129
3329
4033
2838
695
8612
2805
3453
5586
3902
6204
2875
554
8905
326
8751
763
5430
8633
98
4753
6315
4613
1010
2683
1937
2201
1985
2013
9077
6037
8665
5722
2203
6083
2725
4104
57
5677
8851
1935
5487
5156
5512
6825
7541
6242
9163
5514
1134
1578
37
7607
8013
3332
3962
6763
8120
544
2264
5125
1919
1936
7487
9805
8477
4222
4953
3990
3210
6423
1974
3432
138
2639
8394
9445
8250
7189
3506
9687
2999
9813
7417
1073
5504
712
3254
8205
5977
2073
8825
5412
6669
8271
5550
8032
1329
107
9233
5976
1259
4170
62
5742
331
610
2447
7629
7006
6627
4783
5813
5481
9406
3295
3629
9621
3870
5927
2898
2664
6251
518
8291
7348
8656
1657
4370
2681
1925
9815
6669
4758
4380
6134
8413
2216
3290
7142
7663
6972
3434
53
2641
7514
108
7624
7678
7082
1060
6547
6566
3222
7357
1912
2475
7961
2689
9103
411
6388
464
7643
6416
4764
1965
6704
3506
3998
7133
4239
5962
9071
4179
4734
2980
3959
3855
4569
9315
4957
8381
4545
1863
1324
8562
8019
1112
6280
2253
6054
9958
8905
6684
2244
970
4979
8583
2929
796
6599
8818
4561
8374
8973
9246
4346
6263
9768
3012
3378
100
5911
2856
2225
7349
4116
9575
5627
3005
697
7711
7871
3526
4538
1341
6572
8720
2742
351
9771
7836
869
477
9791
1898
3245
3387
7964
1069
8313
3699
1924
8870
9254
2908
7195
6019
8577
8810
3997
1175
3468
2727
7847
5410
9334
1057
9625
1541
9066
6767
9991
3735
5606
4358
6481
8941
5470
4609
7241
8443
2921
9373
4787
4933
1630
4005
6446
1126
2248
5300
3056
4211
3673
7581
2213
4239
6460
6220
901
4168
4785
8466
2924
490
4111
4675
1486
9782
7487
6879
9549
4382
5542
4571
6842
8279
6426
8292
9159
5660
8332
9137
7331
375
8396
7254
9539
7364
177
6372
8607
342
6553
6646
1108
6710
9904
3307
1391
3804
351
6842
8766
7325
9590
4027
6294
3320
6162
2417
6741
364
6919
9125
3190
6828
7176
706
6107
4315
3539
2379
7232
2085
6878
7464
8091
6113
2005
7946
715
9209
8264
1984
5367
8359
94
788
7849
2790
2398
826
3472
5575
3301
1377
1397
8472
5871
6886
1680
5804
7413
8483
4830
3103
2668
5382
9580
6175
6806
1198
1307
8950
5051
1893
5968
9211
3620
5960
6751
360
6385
8091
831
7710
8675
1129
9538
6496
7761
4855
9425
5866
7677
6786
3858
1979
2066
1317
8593
168
6028
7177
3285
7180
3984
1116
3347
3628
5837
5134
4046
683
4270
9321
1708
7225
6877
9800
8662
9002
6559
1904
4706
8904
5019
5190
5432
772
9330
1371
9953
2335
198
3665
7158
8851
9594
751
1055
4945
6303
1347
4285
7106
4491
416
4436
8812
8417
528
8893
9670
8577
8766
4037
2655
683
5617
5962
8893
4561
7678
4447
505
9638
5927
4540
2582
6638
8522
6232
1438
8928
323
952
9179
8072
2235
8446
772
6148
8347
5760
2715
7727
1716
6660
8584
7759
2751
8341
5932
1092
7466
851
3131
2300
9772
4877
1845
1293
5951
5737
8078
1781
347
2525
6570
5774
4802
6006
7779
2547
3450
5383
9350
7843
8169
9269
5874
3518
7156
1003
4551
6725
3538
9473
1144
4601
5076
2668
8167
6322
6441
6833
9136
6361
96
8567
9322
5666
672
3615
5848
2228
6297
1370
3052
8326
7235
13
3760
5395
8584
2324
2104
8360
1855
1822
2218
7058
7236
881
4378
7648
9378
4163
1191
8270
8712
5724
1789
5395
9963
5994
3334
3475
316
7304
2859
8662
9634
6934
2795
5935
3066
6981
6469
8908
8239
3482
6619
7571
3043
795
645
8015
8961
4794
9263
2565
6212
5313
9757
68
663
4861
3790
4876
1926
1300
6098
4530
5925
7384
9141
1686
4059
5231
1129
7633
5832
7496
9962
7704
7839
4549
5737
8305
2320
8959
4926
1401
3184
5278
3502
1803
979
5740
5178
985
9119
9276
625
9220
1553
2344
5016
1396
2439
2522
7155
9746
4026
3175
33
6638
1776
5747
2265
9535
7618
8865
3448
4664
7475
8251
2415
6681
8071
7671
6305
1102
8103
3270
9946
316
9909
619
2102
3674
7635
5126
5461
5859
9742
9440
743
5521
968
72
2730
5696
1971
9546
4800
4697
5711
7648
6443
2419
4946
894
9267
5569
4641
1973
9449
544
1682
8827
6178
4993
65
1820
6533
7745
698
5231
8171
6511
7922
671
4826
8627
7483
7649
8199
9571
6388
1012
3675
3774
9518
9941
7276
5192
2934
2945
6534
5484
5064
5399
5445
7602
9041
8147
6675
9526
7637
1494
3583
534
215
9199
6793
3472
1254
6228
7539
7773
370
1947
1308
9016
3469
7109
8595
5324
5957
1304
7928
3154
8531
7298
8840
3466
2550
786
6644
5117
6838
6546
7293
3584
5989
1543
996
613
607
438
1423
3170
1534
3927
9566
9502
7766
1061
7058
6489
2964
1464
2373
7271
3919
7700
8589
3983
3834
4364
3485
1765
1323
9823
707
752
580
9771
2140
8045
6094
8187
4140
7117
8682
446
5844
1062
2642
9068
312
402
8529
3788
6000
3297
110
8792
7632
3195
2999
9699
3578
3067
4810
8119
9731
604
9164
9501
9338
2824
340
3833
4003
3522
2130
708
1930
4679
4839
8705
1222
3942
3828
830
2901
2092
7285
8834
5981
5872
3216
6366
1788
2504
5902
2060
1147
3482
801
8678
3140
9041
4167
1440
5983
6561
8552
2269
3775
7769
2473
3103
635
6604
8929
9259
3985
4640
2760
1363
4772
494
6302
9962
5859
1351
4208
1404
4099
1528
1468
673
4421
1955
3510
6934
8177
1305
97
1751
1611
3409
6963
2798
8658
5071
3016
1616
7316
7959
4957
4796
3435
7045
1949
6393
2197
6762
2001
3407
1797
9410
6717
5120
1187
8289
4987
9645
6032
4433
5944
7726
5036
3997
7446
4325
6917
5247
7184
8942
1438
8357
993
1441
8528
1223
5096
8420
8645
8837
3082
1150
5517
1745
5324
6849
3630
2605
1302
1974
3103
490
9964
5409
8767
7064
8167
5663
8276
6105
6145
7870
2874
6102
7540
7074
2584
6943
8005
9396
4347
1809
1303
704
7814
4015
6597
8936
3403
6825
8543
4615
249
9350
8827
1874
9855
1701
1277
6554
9409
8808
312
3405
7312
6775
9107
7597
7797
6521
2220
2159
6809
5083
243
369
9058
7656
1639
7794
9543
8656
7535
5006
3191
7761
4293
1977
1697
9556
6484
6850
6552
3810
5734
163
9500
2289
5578
1859
4658
5864
4507
331
1673
4148
6913
8840
2820
6283
1035
2848
3827
2691
2127
6389
7970
7917
2885
650
111
1805
5442
339
2446
2837
515
2487
1353
3443
7970
5894
4477
2085
3752
9071
5780
3733
5717
8739
8908
5822
8154
1476
776
3944
9874
4825
1685
7944
1407
1563
1037
1158
7169
2523
1939
4426
3533
4246
5322
3924
4
4654
2903
4691
2849
2742
8351
3741
6947
9167
9217
7571
6918
3991
8029
5540
7438
6282
4060
6383
4495
5828
2084
5950
9537
1800
6693
469
5184
8269
9336
6638
4362
4231
491
9261
6392
4173
5185
8925
7273
9246
2518
6058
6826
4966
5882
9462
7046
9421
6145
8265
4263
5821
3681
1484
2779
7904
7096
3807
8240
2506
6099
20
3335
1212
7228
5402
9940
7933
3120
2297
3235
7021
1995
2079
3178
1669
119
4522
6585
3592
4145
9303
3476
4371
5151
1644
2085
9228
4701
9035
8199
2011
5618
3102
5329
1566
7199
977
4056
4569
7135
2232
306
4045
4513
7760
520
1465
8176
9247
6871
3873
8866
545
7805
6465
1250
496
6018
2863
1887
8574
3955
6735
4628
4910
9706
2210
6854
9885
1431
7896
2647
6576
5250
7795
1718
5528
4399
8721
6302
9346
1664
6853
1352
9226
1025
6527
6588
8485
6946
3997
9650
7737
8846
3478
9535
7069
312
9409
7781
6481
8893
4215
2679
1346
994
1499
1196
1845
3768
149
1054
255
8504
2730
9326
3077
3638
905
8411
8227
1623
6208
6330
2212
426
7014
2661
6529
7026
973
232
867
5631
1252
7068
3126
8226
221
8197
7913
3781
293
5675
4549
1711
6865
3862
7965
7075
1825
9507
2298
6631
8954
930
5898
5936
7854
2278
7503
3706
390
337
2708
5335
9120
8371
977
517
4048
8452
1317
2950
380
142
1320
4507
480
8178
3414
6937
9401
1888
7552
8273
9346
474
493
6915
5233
1981
6028
9615
495
9019
866
7874
1313
3860
3120
5458
3580
9559
3116
7916
1618
2048
5247
5012
3994
7334
1440
3458
9984
7737
7525
9961
1100
4211
3165
7886
3608
1250
194
8294
2585
5091
434
6672
6335
1511
9191
8188
9415
8445
4411
48
7025
3274
8837
7198
2337
183
7724
9975
140
9664
7641
7086
2413
2808
5792
2260
8288
6022
9580
8981
4969
7850
8770
1128
2490
2271
2983
5100
9129
5199
9305
2269
7054
2061
8584
2791
6187
5964
4970
1155
2886
7583
7939
1107
1674
7282
3380
5712
2087
7304
6502
7113
592
8944
3275
8409
1569
839
6930
9573
9533
4289
2771
8
6491
9621
7045
1091
6893
3099
8810
302
7035
7124
3359
3252
5405
5821
7496
9607
9482
5413
410
6280
3189
4461
6925
373
641
1498
4141
998
5717
7904
4665
6909
5103
5332
4182
5692
5420
5368
1947
9153
5336
6065
7372
3022
2537
5880
7830
6118
6897
5245
6008
5827
7471
7664
9544
4559
9556
5302
3090
8518
315
8166
638
7990
4654
5940
1005
8345
6418
2999
5040
8431
9806
6314
6154
5365
7361
6079
3915
6525
6741
6792
74
4354
8493
3958
9667
5278
693
3149
4293
9293
2682
7348
279
3107
35
592
8295
351
268
6883
1091
4438
1874
6907
8594
9304
6017
6884
9179
5565
3939
7840
7460
4336
279
5773
1205
4534
6971
1387
8403
8629
9746
1316
2241
5719
2120
2834
6019
2964
9797
8471
8764
5406
4661
6711
7802
2937
3478
3820
2718
9979
6443
1720
2558
6972
9080
9488
2760
4070
2534
4969
6790
2510
7725
6007
6099
9348
1570
3282
1800
4383
2577
7657
124
1597
5773
17
5848
8905
2701
4417
7129
3193
964
3555
1428
4349
9631
3897
9273
1160
3257
9596
4016
6684
8419
966
2582
9256
1755
9906
6472
3660
5147
5527
4515
9752
24
5787
5332
1527
782
5022
8653
9666
2016
1435
7155
83
937
3691
2013
5336
5702
6282
6816
3163
6199
1199
3964
2133
5557
4250
2506
4703
757
5653
371
6598
4122
2864
9320
7851
6999
8076
2725
9012
1748
6002
5505
9265
9542
8097
9735
1265
3697
1888
4283
8289
1534
7975
573
8651
5490
1626
163
6467
3626
8302
7797
3848
1707
696
4087
9622
1130
2597
3540
108
92
3633
2867
7659
2465
1820
9364
9499
1306
6576
6598
9246
1831
8911
5169
8359
1269
6244
5306
5954
9554
2875
4978
2636
6587
3447
7796
4509
7966
6189
555
3299
2334
8778
9849
6781
8993
1594
2968
8495
1649
801
8305
3521
6967
3790
797
880
5329
346
7492
168
4080
9622
6108
7140
3876
8872
6925
7072
9747
9090
8482
1390
4590
2584
7954
2251
2511
6957
138
9375
3293
7408
1065
6412
3271
5267
6382
5110
3722
1268
4279
6611
2833
6961
7031
3362
9500
5844
6735
4886
5471
7744
9421
2362
9655
831
1998
4949
5868
1598
8794
7682
6444
937
3375
4622
3365
1201
8566
7013
7445
9464
1119
837
2692
3692
8439
2942
1395
8872
3102
132
2486
116
7430
5538
5872
916
1000
3649
2092
2717
4611
8179
7868
1659
6183
1096
4407
8426
5111
6375
3490
1679
3460
6323
4823
7853
9262
2816
1140
6833
7112
9571
882
7347
8793
5961
5740
7349
8882
6168
9976
536
2651
4334
8556
3461
3192
5869
2360
9565
7766
51
6283
8562
9653
9961
4359
9011
8118
7615
2336
2863
111
8888
3833
6419
3367
692
2206
7324
1922
9689
6484
4919
8214
3069
671
7093
6424
4451
1771
3204
6720
861
5530
8305
174
8537
6176
2148
4465
3369
4517
6649
574
6465
763
5358
5515
6546
6426
6544
1780
4104
2080
8660
3551
9463
5887
8391
9574
5512
7097
2260
8371
4228
4653
6956
2311
4154
3011
3550
150
5565
1778
6539
8577
2646
5703
6034
5093
2826
1572
4910
3630
3340
3815
414
9782
3618
8723
4500
3124
8328
1780
2644
2230
4220
9459
3456
8277
8124
6738
9599
3576
9188
5561
1821
99
6724
1282
5706
9861
9864
3143
3568
6951
4369
9266
9745
5166
553
2729
4460
519
5202
1155
2122
6916
1582
6208
8307
3703
2434
153
4653
1573
1767
9363
5521
4731
944
3906
4026
6727
2386
7584
2150
4696
9718
3669
6425
6288
4878
8471
8147
7960
2225
2698
7529
4865
5835
4026
4359
1674
4387
8575
9461
3932
8392
3047
5315
6520
8558
9590
5861
6325
4208
2756
9623
3581
7019
9367
1433
973
1402
9619
6666
593
7914
6596
3644
3840
7411
7712
4347
7325
7838
7734
3963
8225
7162
2501
8394
2284
8312
5011
9741
708
7420
7848
1037
6096
1951
6492
886
5546
3797
1097
5992
4245
6495
55
283
1270
8780
5328
5547
2420
6230
9233
4144
297
2644
7381
3286
7012
6787
8138
565
9513
1042
1494
8450
9637
3325
9817
3335
8261
8702
9966
6625
4152
4282
3505
6529
9733
2539
4545
7514
4235
2460
2039
7577
2767
6531
8037
7643
3161
9081
9735
8010
4939
2619
3698
6024
993
3515
670
7191
1340
3242
6071
8382
6279
2914
7199
226
5486
501
3066
2127
4921
4949
1601
2736
2644
2358
8242
9584
7548
3467
5320
5109
1495
4826
1397
1910
4335
9931
3466
8585
6584
8505
8724
6412
9646
3939
5086
4813
5909
5718
6642
1756
181
7772
5126
9476
2759
8777
3703
9769
1395
1859
2476
8933
5638
2120
1418
832
960
4263
3557
6682
2933
4802
8186
6231
7341
2958
298
4899
4633
8976
7165
529
4815
1950
5007
6242
756
4196
2152
8963
5499
4775
9339
1831
7756
6634
62
8050
748
407
2198
4094
6484
5923
5717
2673
765
8446
7527
7878
4576
3389
3704
1909
7495
1045
617
7575
1383
4283
6981
7085
1506
6259
402
9549
2670
4653
6898
418
1061
4242
7073
8557
4909
1063
3829
6350
6788
4993
53
1061
9292
129
5726
969
2526
1529
6974
5661
7803
6719
4678
3833
7667
2819
9114
4190
4606
8754
7286
5974
1917
3639
5603
9125
1301
6381
5425
1464
124
6970
4934
6741
2888
4228
8580
1110
1132
2279
9146
9982
8919
1898
4482
9284
881
8720
2033
3350
2264
9381
1835
5218
8695
1326
5599
5688
907
4743
8519
3876
1974
7554
5273
4067
4638
5293
9897
5529
3516
5540
9693
1575
6339
5244
7052
5480
1039
5164
9019
7186
9764
8368
3564
1118
9365
1201
1752
3071
1088
1102
5728
80
7914
8386
19
7014
9731
7397
6431
9967
1182
7663
7989
6303
5704
4863
7835
5861
7751
2935
6683
8687
1466
4564
9201
2194
6196
7437
8579
8926
5367
6893
8427
844
5596
645
801
5839
8922
3909
7216
6529
9674
2703
4132
8908
301
7444
5983
2201
6876
3502
8090
7175
9249
2115
3670
9620
6750
4868
9663
6456
2007
833
5120
3565
1326
3075
2729
6201
7401
4990
5369
9935
1832
4805
2270
5236
3096
3136
3432
6422
9941
8983
9581
7519
1346
7154
4747
8259
9386
397
213
5707
374
4626
7021
8172
6354
1630
5074
3033
5695
2899
6217
1250
6254
6202
4606
2748
2472
1267
2603
2754
4325
1734
1337
9410
3998
1456
346
1306
6834
9663
1063
9933
3413
65
302
1340
9071
9286
4311
3705
4147
799
9215
4328
8857
9972
5349
1178
5219
7902
4464
8492
4523
2436
232
3033
2990
4175
6896
1919
6408
9059
5098
3507
4816
3643
8244
1999
2196
9799
1578
7777
2965
1766
4452
1782
2252
8251
1457
7798
1899
8659
3653
7088
2692
1723
4399
5106
6723
8018
1025
1668
3969
3564
5639
1299
7731
8359
2056
317
8517
4938
6422
7729
3618
1769
3514
882
6887
9901
2729
2867
5478
3941
8696
9202
3127
3146
1346
2419
153
6115
3297
392
1251
8602
3354
161
9676
6031
163
3233
2273
6537
9726
4305
2476
3922
7254
7393
385
5316
1510
4817
5018
2948
9221
6181
3157
4932
2423
3275
8151
7060
4228
454
3525
548
8618
6665
3691
7516
1633
2833
5269
7755
5476
6956
2467
770
1932
9157
1904
7183
5667
227
7870
6992
8614
5021
5738
7324
2044
8049
6466
5918
4219
4158
8694
2677
2057
6242
4499
1649
1596
9654
3617
3197
602
3837
5409
6110
8104
4385
3202
527
4283
370
2465
6832
2592
4429
6287
9535
5618
4082
7137
3974
8837
8787
5399
2119
3190
2060
6435
7268
7626
9412
7556
640
476
884
7737
4157
2556
1442
7016
2320
3353
1966
4627
4635
2474
9383
5305
6204
44
9378
4306
2417
7105
4362
3239
7234
5996
7732
100
448
6577
6929
2232
9229
9570
2451
1173
308
2725
7113
1770
4100
2354
5332
1249
4735
8232
5335
7050
2186
1235
5526
4958
8054
5032
4190
9090
243
8574
9809
71
3876
3435
4008
7820
8350
1033
6260
2529
7861
8382
2989
7687
9171
11
2528
2491
2961
1383
4137
1206
3489
7154
6756
4903
853
9478
8406
6033
1843
1564
5876
6438
5644
2612
3259
1543
2984
9235
1507
5534
6053
6557
5379
2303
5594
3596
4562
5367
2945
8259
5360
190
2367
7496
1042
633
2483
4469
3153
9221
6258
3224
1535
2644
6929
5832
8062
2218
3825
8911
4757
4986
3885
8482
4842
1430
9615
2089
3817
5807
5885
5865
7429
947
2292
833
8199
2345
1696
7569
5464
3156
4578
792
8733
3586
8973
6561
5285
7132
6685
8906
2276
2345
4916
3367
6018
3549
4269
8881
7086
650
7343
7259
6751
3042
1027
2351
3110
1008
9555
4198
6519
5218
5345
6158
4311
9700
873
297
1836
217
983
7406
1618
4918
3271
1256
4121
7210
6812
2111
3489
6607
9933
2995
7010
7818
7971
7510
3014
8581
2766
9689
4728
9122
2184
3684
2654
6775
1776
2902
7585
9272
8199
4082
1383
8186
4263
9475
4844
1105
3179
7667
9828
8155
3065
2493
7926
175
2833
5598
9173
8649
4591
1518
5535
3736
2923
7629
5779
3471
8670
8529
7670
4709
2372
5933
5796
651
8460
9264
4692
5313
7686
5892
4436
9700
5839
6699
9908
5287
2474
7824
721
2956
5613
9351
6243
1992
6436
3956
9283
7728
5448
7196
3651
6141
2324
2369
3829
9185
2804
2747
5823
7923
2885
4866
8510
5218
4088
5115
3415
2304
9858
1052
9703
6769
897
4661
4350
7992
77
5784
8011
1068
1301
5512
6127
6612
6630
7212
4301
2522
4610
8868
4137
7481
3150
3625
9145
1548
7271
5164
1649
4422
9195
1182
2168
2297
5817
1056
3213
9431
3418
8621
7974
2467
837
920
1097
9700
202
2358
8106
2487
8434
2702
5208
6245
7957
4134
3008
3106
8655
9404
931
3464
4637
9505
3586
6536
3085
7565
4398
431
9481
277
7583
7697
6497
2984
1917
2321
3588
759
5360
8246
1952
6628
6953
7340
412
6008
5738
9004
3982
976
2231
2701
5012
5142
59
8587
7784
2361
7391
1808
2426
3075
5822
5418
9872
8585
2264
917
2146
8759
3595
1354
5985
9920
2003
1312
1699
7065
8933
7074
7523
3315
9187
9353
7635
5169
3217
9270
1421
926
1334
6951
4025
5461
7397
1506
6902
942
9313
2817
219
6774
660
4175
546
736
6202
1160
9304
1633
4398
6345
417
9090
1733
1004
4164
2963
3820
165
8876
4933
6989
94
6866
849
5225
511
9589
5483
4061
5265
3717
6778
2954
4889
812
8436
9812
7856
2062
7238
7614
3693
5700
6678
9597
5089
4599
7857
6127
3005
2228
1022
1689
2162
2785
7522
1370
4585
4538
4000
9022
2153
4237
9781
911
7522
251
6463
8343
1472
7230
955
1853
9493
5790
594
602
4883
6284
3287
9190
316
1258
29
2552
2908
2031
1229
7801
9574
4034
7094
9882
5902
3327
5253
5841
3028
3509
5951
9671
6381
7939
1277
1240
8313
40
1532
8695
5266
4402
3753
3061
7799
5046
3675
1419
7276
1393
3750
9116
3321
288
5986
9002
3352
5668
1789
8509
3550
1756
1876
806
7441
8956
1957
7416
1902
5123
917
4110
301
7564
4663
9055
8390
6584
3802
624
1297
4964
3239
2364
6502
4776
1620
3033
6197
2601
2790
1867
5939
5380
7979
1962
6801
8228
3380
7236
8307
7900
8544
2882
4396
2482
8081
4141
8163
5413
900
8661
4478
4562
2350
3417
6627
8435
5006
1881
1083
6393
1816
8198
8205
8201
6515
7784
9458
5595
8278
2385
7579
8847
3444
1095
1721
6543
6357
5957
9140
4098
2180
1740
3688
763
3797
2340
566
9031
6004
7693
8887
1309
6159
1277
4356
5455
5860
6410
5406
4663
2133
2090
7395
7389
1473
7838
2764
5900
9037
9335
8499
9068
8975
2929
111
6116
1911
4682
3399
2832
5248
7325
8971
102
4096
2781
9742
4775
9328
6491
7353
4590
5395
4333
7901
1870
9267
7788
4626
8649
9065
1991
738
5401
5562
1494
7455
5767
7179
4174
8808
2606
4635
3837
671
5397
1968
9719
2596
2138
7120
360
3693
1014
3458
8908
1679
8323
4423
2311
2516
3916
5904
540
4188
9023
5969
5458
7183
5045
2448
8604
4903
5332
8335
5127
6541
8734
9497
3895
8726
6199
8075
7583
7200
9293
1795
5267
5143
2319
369
3527
1157
4175
2029
2206
4205
2102
7402
9540
7959
6523
2237
1716
2316
9164
3619
1077
856
3486
4836
9017
7313
7252
7409
6409
3527
5869
4374
7661
5465
9403
8871
3829
4854
9674
7068
6432
1498
2214
3998
5434
2522
9136
2945
7045
4825
7683
2104
3997
9141
8314
6714
1404
1878
9950
312
6699
4561
7729
7145
416
5071
5780
4543
246
2017
6330
79
3083
7237
9284
206
6985
9515
1639
6218
9503
6997
64
6121
3756
3934
9259
4827
4269
1398
6201
3932
7281
349
6981
4724
8635
2687
1097
4052
2723
1334
698
1406
1541
5054
2205
4227
174
5396
6953
5020
8722
5182
8313
5206
4193
2288
8177
7785
5420
3334
7680
7583
1464
6817
2896
8100
7370
6093
6502
3264
9762
5734
7775
1451
5821
5151
9467
686
9929
4430
7540
5851
4665
637
4931
2550
3850
9896
5468
9365
7009
6720
3513
4896
9229
4033
9770
7562
7295
8071
618
132
728
5280
3442
3498
4998
1896
2515
6949
4682
9
8421
8426
1523
1027
7575
4848
4975
5949
962
2005
1137
8991
6792
2244
1436
1528
6426
5099
8470
1068
4055
2196
8109
5195
3201
5898
406
1668
3232
587
5715
5258
8554
5820
3351
6469
3760
608
5536
3045
5299
8378
8213
8105
2230
521
8314
8839
2224
1907
7012
2982
7712
6880
9105
9450
1629
4603
1234
6679
2152
8899
5330
7425
8905
4590
6003
6682
4832
896
8080
1280
8464
8370
7948
3344
873
9044
465
3923
7005
1150
6492
9684
963
4561
2605
5902
4088
6627
8362
6185
6583
5015
8030
1741
7090
4049
5533
6446
1849
9229
2117
9513
5118
2698
6801
4826
5504
8616
1299
2320
2572
5391
3091
6285
9618
1724
4217
5846
8414
5317
5662
9518
6729
7952
6841
3322
6497
4310
7048
8181
4614
9779
1206
7002
5855
4681
3647
9040
7524
1326
6018
4502
2560
3879
5300
5835
4512
4278
6005
4282
5188
467
4676
3152
3345
4309
1339
9029
8006
7775
5191
6171
1670
1404
1147
1489
4872
8111
1964
3640
6669
3573
6296
6360
9343
2132
3195
8324
2074
1525
3763
6366
4362
1339
8759
2123
5523
8675
1571
9108
2683
1584
836
7105
6372
6962
941
9735
186
8856
3705
4084
8454
432
573
2024
2350
44
3011
8895
4384
6505
427
1772
8140
8487
7435
2473
493
1462
1604
7356
9224
4986
2087
314
5499
7642
9176
329
2467
5954
1347
5284
7355
3341
368
4983
9946
1714
8385
1821
639
2525
3048
6065
7460
3504
7245
248
6563
1491
9472
9945
4018
6549
6951
7500
8590
2808
1923
4437
7387
6623
7298
2155
4987
4277
1983
8374
7650
7046
415
6837
8663
7809
5413
1423
5416
6794
509
9002
1986
7395
4631
1636
5513
4896
6042
8558
8111
1054
6277
7684
8174
1591
4516
8756
1478
5744
8149
194
1669
3140
445
9801
6035
5658
2160
3556
8239
5426
5068
3726
4242
2684
410
7774
5490
6292
8374
141
1148
2497
7878
6198
1446
9492
8897
1454
1336
6466
6741
2213
4367
4878
6912
8669
2575
8477
3419
6819
8506
4182
226
5038
8360
9319
2052
2105
7643
2711
1152
2044
4282
7312
7068
9968
9689
4495
9891
8957
951
2434
3382
3107
4533
287
7333
8381
8563
1885
3095
4599
1381
930
7375
3757
6788
7049
3652
7994
5630
8243
5929
1203
5119
6722
6902
2108
9899
7530
3612
2474
8312
4402
6113
4726
6068
5513
2414
1772
2845
8547
281
8086
8839
6630
7006
5100
2411
1944
4608
1268
7279
9670
5731
2102
6122
5185
3239
9611
2783
7327
8676
3004
7787
6858
2644
3725
923
6285
5049
1507
1758
6803
7383
6607
1849
4768
6285
4460
5308
3905
5295
648
6562
1048
7215
8477
3050
4078
7892
4751
6444
4787
6963
5415
6811
5516
945
1548
9917
3604
1723
4340
3452
3097
1641
9171
524
7807
5416
7270
6686
6654
5336
6829
3736
7490
4415
995
8823
2909
2487
2098
4976
8757
1166
2090
9753
7375
3977
8814
3153
6575
7774
9724
1660
194
7844
3738
2584
3514
3420
6405
376
3969
3797
1939
4454
3348
9306
6998
881
839
1886
5278
7144
8597
8387
7430
5946
5644
1540
7065
7317
1039
264
544
7857
2123
5981
4235
7210
1874
2967
8678
5022
7986
8432
1018
9983
7426
6492
6555
6980
5103
1850
7916
7516
3334
6289
935
1089
110
8075
9397
5365
6221
1626
843
9806
8554
1295
6608
4477
9378
6010
2966
2950
508
6482
3081
1651
1336
778
8007
4313
8256
6539
7919
6159
1087
2856
2315
3884
2426
5138
7478
8483
5902
645
3389
6469
4343
4688
4612
1372
4971
3339
2198
6814
5676
3051
5174
2086
2315
8124
5188
2986
570
1494
1107
9677
9199
6377
4052
5444
3557
6304
6701
1497
5497
166
2891
5690
8119
8321
4123
9628
4172
6025
1927
5905
585
7163
2610
1419
6977
9319
8305
2092
7006
852
1839
9968
6733
4560
2594
3013
4928
6757
9404
3008
5995
6185
454
8891
1151
5002
8652
5759
988
191
284
1858
6709
9174
8941
8922
4219
2464
2757
6906
484
4199
3014
1280
2334
6509
2370
6448
9288
561
597
5428
6251
236
4404
9481
5614
4370
7747
9847
2170
2260
1942
7577
5664
8645
2751
9463
5706
2097
484
6505
8668
5101
3455
515
2541
7348
6744
8057
5617
8738
7248
9445
5404
1134
7524
8902
6037
3658
6529
6192
8056
4622
9198
5989
2285
4278
8565
6157
7207
9267
7166
5124
3718
4766
4541
2389
5933
1192
7527
921
5507
7123
1201
3461
6847
2100
5967
3721
1640
9792
6144
5789
6298
5714
3018
6415
4278
7475
4976
3691
7244
8853
2720
6902
3728
1598
1282
9263
9551
8570
3491
5114
9717
3714
8129
4082
2636
2746
1738
1326
3050
5416
2410
9681
3849
2903
3203
1516
9311
1421
1457
7362
7825
4945
9458
3822
5550
5973
7388
4726
9612
3549
1999
1103
6323
1256
7268
7093
3616
1600
3850
2824
780
4672
4009
694
5370
1943
9941
8867
6241
550
4711
5370
7279
9401
1843
823
3259
8549
8123
2157
1158
9130
9012
2965
3560
530
4914
6498
1977
8612
8592
4179
6857
1165
2256
974
8711
3822
6398
9462
1863
8647
3701
3020
9512
6164
4874
1384
5245
7023
9383
3019
1211
9894
7758
2403
9456
5393
2405
9716
8327
4486
7165
2731
6016
6808
9679
6227
2282
6730
6257
6519
7935
6523
8471
27
7212
2947
124
5766
7035
9311
9612
5370
695
4886
3130
2837
9111
4578
7682
219
7815
9001
9942
6817
6922
4097
1278
6661
8129
2735
7031
5485
2478
7215
5564
6627
8800
1589
8968
4110
8183
6037
42
9988
8300
9381
6563
3784
7725
3199
5981
8653
7491
9903
7117
5168
5540
8989
8231
4300
8872
1946
1846
3236
8326
2741
6347
4961
5031
4180
2510
9538
6516
6545
6939
1325
4001
9373
2889
5626
7965
2619
3233
8722
9925
1472
4251
9562
6984
6466
8622
217
9598
8718
1162
7226
7566
3794
9127
4638
3634
958
7776
7438
7071
7552
5275
4001
3952
5322
4955
8485
4587
7137
7805
7613
2163
6442
2068
4129
1532
1426
5844
4796
6462
8370
176
5902
4620
6592
1895
6883
8569
4708
5509
7325
599
4708
6939
7917
321
2202
5902
9447
1360
7439
3104
277
9433
6882
5516
5564
6962
6040
6957
5943
2430
4845
7712
5343
3902
8992
9170
3875
8360
6334
1612
5502
1435
3757
8349
938
1388
518
7046
5790
1397
8858
8906
9722
4135
2386
9088
7573
4972
2617
5092
6081
4847
7033
7236
8424
7469
18
2850
3621
1901
9069
7239
3827
6117
1540
7443
4854
1500
3082
1170
7948
2261
9743
6890
7227
2697
550
6237
8075
8420
774
2503
4805
6916
8248
8447
3578
6657
8189
6654
9141
8523
1538
7657
963
4917
9443
4950
7719
5842
6027
6294
1567
9930
8541
9480
933
7494
4239
9555
8304
1226
7557
1029
7670
804
6137
1742
5316
6553
8704
217
7606
5183
3314
7647
4317
6438
6870
3360
8456
9181
9432
3869
370
9190
7017
9583
6025
3019
2328
4971
2334
4394
6885
5679
4152
676
5116
3155
7038
2988
8819
8918
2569
970
5829
4679
7483
1405
1273
9131
7762
7602
7449
4824
4106
5208
5330
2414
6127
1081
3165
42
7304
4099
3788
4862
9750
4654
4090
7985
9097
7923
358
9590
4494
2077
7874
2923
1664
1659
9567
4907
7065
9484
1
140
3948
6446
3624
2203
5727
3682
8014
384
1027
7687
1664
8390
4040
5278
6082
5733
5889
6168
2775
8952
3623
3924
6174
727
8075
4999
236
531
2965
9982
2149
6513
2410
2440
755
9024
8930
9200
6813
8586
7731
2534
2855
209
5266
357
7385
2424
776
8538
1001
7891
9378
2674
8252
8076
938
5983
958
4643
1019
1744
6130
6770
1909
4691
8500
3781
897
828
184
9870
3113
8199
5822
3017
2836
190
7953
1557
2062
2308
5227
1736
4132
7300
1533
6396
5544
1617
6772
6013
6185
6907
1708
6094
9073
2392
785
8577
3797
1341
5191
9447
6353
7258
4496
8212
2086
1387
3783
7468
8845
256
8938
4694
9336
7758
5219
6126
6671
8253
1913
4853
2500
1450
7896
1546
2215
6634
7517
6738
6950
3859
4259
6797
65
2622
66
2028
9170
9723
260
2646
9355
8975
1635
7891
2816
1742
7371
9591
4634
6862
5915
6975
4053
3477
7045
3658
1773
7816
7279
2201
9111
673
3091
5764
9154
8390
3127
2847
6633
7601
3606
8268
5489
8734
1240
7277
5260
8681
7993
6752
6494
7440
2326
322
8461
1079
502
2181
7218
3985
6912
4362
2620
9987
2158
8129
9436
7678
4064
4089
4591
107
4406
811
8360
2971
3447
8299
6163
8438
7282
1373
8927
4429
2970
7311
1156
4562
8527
2047
6908
5897
3572
3659
6112
3363
2174
6625
9093
485
1967
2790
6625
5270
9888
7402
7791
2626
5006
5583
5566
8221
9384
6045
2788
7565
2392
2522
4179
719
1905
2509
1784
3143
7908
7331
5098
9775
7859
915
4095
3458
6276
4374
5221
3980
4960
3520
1717
4324
7282
9379
9009
8166
447
3938
653
86
644
1708
5790
6788
7662
324
7347
3600
5713
5678
743
3917
541
6724
5208
9377
9238
7743
9423
2423
3693
9523
2801
8877
4809
5578
3036
6240
5246
9022
7424
5690
3050
2049
7610
6129
9390
4116
2030
2828
7223
7529
773
9451
2064
7706
6396
9060
5833
4719
3459
600
6467
6205
6987
1560
9245
7704
8064
9408
526
6001
6620
7581
8765
5903
3147
10
5933
7847
6039
7582
1046
2784
5653
9955
5376
4513
1995
1721
5160
7952
2248
7520
2120
7614
2415
9690
5570
3978
7834
5353
82
6128
3026
3655
6657
8582
2726
7562
6406
6385
4278
9049
5926
6606
2730
5433
7422
1524
2451
4554
9186
6712
8250
7793
942
2998
8485
9490
8817
6440
7566
4996
2128
697
2171
9505
3333
7319
529
1044
4189
6432
1945
3720
1615
8692
3553
6461
2318
7573
3130
475
7434
1373
2665
9202
4649
5727
7832
7436
9230
7831
3837
7759
2871
7065
1025
8326
281
6581
2957
6592
9324
356
4221
75
5065
5742
4276
4331
6547
8302
1727
4876
1908
6542
8739
8317
