820
382
127
441
766
3
511
608
62
289
86
319
49
256
653
689
525
86
242
224
814
566
772
377
416
822
872
174
289
60
359
259
626
119
762
162
894
442
286
396
701
250
913
144
284
117
727
95
307
203
216
850
558
645
859
493
391
709
92
548
173
260
870
425
589
339
148
955
661
229
345
380
947
661
661
507
433
859
576
178
837
846
520
515
23
618
457
697
738
730
590
778
754
315
147
349
989
583
164
299
786
576
700
610
658
496
419
201
210
129
291
164
323
768
616
156
610
851
814
133
992
827
255
827
625
660
767
473
174
100
581
205
615
36
760
723
63
491
967
726
226
52
867
299
386
352
362
980
889
533
138
183
509
182
940
331
235
470
62
132
821
380
201
452
393
807
241
144
485
937
619
943
78
640
147
738
41
526
589
382
168
224
240
111
404
948
593
995
531
603
586
684
395
111
287
241
266
663
659
559
844
758
518
81
794
68
476
817
895
12
412
107
365
277
997
720
339
516
602
171
678
73
790
22
575
875
949
982
194
75
300
451
234
803
561
921
809
711
735
765
378
19
492
815
510
775
469
226
670
75
325
838
912
546
629
932
897
880
846
437
51
542
405
582
183
444
114
926
184
468
978
967
397
354
387
887
278
938
658
848
328
110
700
543
588
519
280
99
957
668
302
793
915
146
676
295
891
552
143
725
881
270
513
693
848
329
51
382
639
682
481
579
978
754
910
976
922
920
670
741
442
61
83
670
224
940
628
405
814
865
421
254
630
275
448
204
332
683
294
884
187
506
760
77
712
225
117
626
360
758
918
113
468
146
598
868
617
698
645
500
923
630
383
75
719
702
238
748
226
616
936
831
983
105
533
922
213
212
303
41
749
932
883
644
208
618
844
136
559
388
851
666
151
729
533
918
698
704
53
149
576
792
468
419
787
164
887
417
190
840
609
500
163
676
672
165
850
318
149
535
867
672
310
526
575
988
137
195
801
323
795
93
854
430
328
827
847
443
343
691
240
492
132
101
572
873
225
707
438
35
377
860
306
733
205
386
13
123
395
447
537
891
775
984
51
287
227
260
10
874
919
33
302
342
875
661
797
592
454
142
269
21
972
477
335
293
970
843
618
963
181
156
704
756
959
750
576
485
35
421
666
412
457
295
786
757
209
244
938
497
590
585
708
584
631
908
671
321
954
2
4
192
282
717
563
343
673
89
328
415
139
516
155
889
313
14
389
37
211
609
985
634
672
64
406
966
794
545
548
632
720
828
3
133
373
289
250
872
431
779
251
641
738
646
187
138
608
520
890
100
736
560
759
435
136
389
83
324
100
959
463
271
445
534
408
131
655
610
883
318
762
917
249
998
243
373
829
846
90
319
848
598
320
352
423
88
738
164
261
5
731
816
418
653
790
941
251
706
579
148
666
596
212
788
684
747
734
304
608
764
865
665
653
54
50
591
993
148
475
607
286
241
350
451
215
808
975
557
970
132
542
487
908
221
170
914
541
976
142
811
633
289
345
896
364
11
170
217
503
27
169
328
24
803
533
674
104
313
577
690
80
49
428
148
313
331
274
184
123
144
533
699
371
103
137
266
509
266
114
923
485
736
968
372
35
376
287
453
517
52
911
207
7
647
230
196
77
611
793
659
214
284
492
861
162
875
834
596
571
847
977
380
649
906
483
912
271
22
459
490
794
592
883
968
964
51
363
33
427
885
683
653
200
890
69
352
826
261
676
154
340
504
715
145
59
666
990
325
290
838
411
572
612
177
398
525
540
306
649
371
514
459
717
446
35
977
346
505
152
345
107
814
982
222
937
813
342
476
965
879
853
333
414
234
95
185
303
706
157
756
287
598
118
287
634
159
328
528
201
668
145
488
129
990
349
797
119
610
511
319
144
400
448
182
885
177
13
212
378
352
867
994
61
344
865
528
82
509
988
536
395
300
96
749
260
469
281
390
550
726
432
24
889
72
242
228
736
434
386
833
477
631
316
927
835
193
860
547
723
345
440
141
618
37
366
550
844
195
29
789
138
452
458
30
825
149
358
207
43
377
708
627
487
623
618
799
523
25
35
873
762
47
273
659
239
613
693
917
402
710
300
914
102
757
92
675
433
983
937
165
159
381
761
743
412
355
283
987
950
789
858
150
93
119
415
970
841
816
22
298
963
256
769
206
183
602
611
757
912
853
224
152
701
514
971
712
564
368
885
282
337
711
868
688
527
883
132
640
381
873
934
588
730
834
926
332
241
411
517
623
154
422
640
320
574
224
429
995
650
121
846
382
860
323
441
103
953
107
57
756
436
71
119
347
136
366
697
410
694
441
370
825
774
13
232
533
919
911
344
390
937
517
535
754
751
691
74
923
15
302
410
909
728
824
314
234
955
145
990
141
492
135
744
326
164
800
143
438
483
318
689
41
737
488
418
234
957
945
379
651
473
771
612
668
525
551
859
458
953
951
467
499
45
319
963
546
773
831
821
188
97
153
648
761
915
465
496
51
197
693
984
654
845
663
610
413
728
843
189
595
550
250
273
574
237
218
242
840
881
850
576
947
274
522
7
538
948
160
284
724
391
241
212
939
615
377
27
155
747
117
981
414
803
33
752
286
2
192
786
98
575
276
191
394
181
445
525
140
586
902
944
842
227
422
905
817
497
359
249
489
331
932
620
282
447
546
255
140
423
898
66
616
109
735
906
842
528
532
141
28
616
679
273
595
213
760
694
65
474
928
206
346
297
662
126
694
642
567
629
156
237
562
182
67
188
352
298
802
11
595
952
805
332
838
506
84
839
442
389
713
672
795
399
452
330
303
246
720
219
314
400
862
196
777
222
369
644
720
983
530
304
894
780
225
647
325
365
316
786
56
450
744
818
338
206
81
887
986
670
461
751
119
683
722
129
461
534
334
879
965
310
796
305
414
655
898
553
959
43
267
390
208
712
281
848
596
476
537
113
903
667
17
672
631
504
866
316
465
125
555
985
305
5
206
11
960
699
749
920
239
797
90
562
268
734
660
628
986
617
35
161
432
265
428
85
665
302
698
917
274
678
313
26
337
855
330
890
43
21
303
27
710
890
246
587
992
223
175
189
988
295
496
553
175
628
967
124
299
372
260
981
116
152
370
966
216
481
794
140
710
139
416
575
497
968
149
21
961
123
871
127
584
764
348
310
678
937
39
359
949
175
501
378
420
745
354
610
592
151
861
161
407
616
984
923
228
238
236
757
325
390
715
246
261
57
393
97
979
266
439
105
552
782
619
726
844
768
572
871
665
643
655
217
967
56
599
175
846
783
86
404
9
794
977
165
432
30
869
858
40
677
559
726
938
596
129
724
418
549
21
734
50
144
699
73
139
585
733
813
613
243
458
303
192
314
211
26
68
336
842
236
551
698
225
761
74
984
631
556
418
885
140
156
588
692
583
463
122
384
251
890
448
758
120
174
775
453
962
998
575
105
756
650
447
841
264
14
518
333
23
452
350
185
323
123
384
930
236
178
680
753
458
27
634
376
47
627
627
46
719
670
955
319
464
620
946
539
363
81
666
901
752
718
984
161
800
338
48
345
541
512
955
249
619
477
547
585
760
512
424
890
223
460
374
515
491
400
516
265
522
272
696
377
56
618
642
666
221
139
835
850
944
955
177
849
441
121
213
426
432
112
715
291
287
123
998
106
285
914
281
142
108
117
820
327
592
134
873
926
26
869
39
76
861
29
577
524
901
26
369
903
101
474
623
65
494
286
145
457
841
329
436
786
471
793
499
156
670
618
626
613
376
441
269
970
356
196
29
62
55
935
221
105
571
69
803
313
94
751
474
148
921
484
990
681
682
151
559
294
72
922
548
575
770
565
452
176
909
400
683
987
883
311
320
434
398
128
710
581
501
224
258
165
184
577
630
133
308
885
325
34
185
410
785
169
854
437
555
57
351
952
69
915
932
578
554
459
159
611
202
33
197
864
336
383
643
887
811
848
877
996
906
735
354
435
764
762
609
396
430
798
687
314
386
137
533
723
899
766
932
153
348
117
552
926
784
901
209
806
440
349
791
110
15
14
248
50
145
581
96
737
802
864
366
17
98
340
997
191
962
361
850
831
181
474
771
465
100
768
505
635
315
302
813
244
437
209
308
506
862
250
879
117
308
699
770
815
554
545
270
126
496
438
862
650
454
774
106
524
471
210
633
882
164
646
77
726
424
135
946
429
460
489
430
429
518
441
14
339
677
573
507
652
616
151
768
29
315
572
935
590
781
90
993
26
499
888
498
920
765
377
889
363
645
848
25
194
269
333
756
829
640
526
268
240
980
969
272
908
103
707
749
395
502
690
560
672
797
727
388
794
330
254
886
385
488
840
940
712
562
959
980
760
57
3
192
662
329
125
111
494
333
982
245
86
231
86
429
348
705
92
620
890
709
155
898
863
352
248
472
335
307
179
506
108
320
293
653
946
861
508
347
917
808
81
565
789
293
583
251
370
323
43
289
201
205
669
913
642
527
275
737
859
903
199
3
994
401
411
537
436
972
324
862
398
323
63
874
365
454
266
229
99
943
798
112
882
856
72
990
784
904
330
387
49
637
373
205
346
405
50
896
530
898
225
731
197
905
339
944
927
89
192
983
704
719
202
143
691
809
29
29
171
880
566
391
222
436
378
913
810
199
486
963
852
778
488
33
593
753
831
193
264
349
252
548
53
577
102
891
329
637
186
439
155
128
988
999
673
601
328
149
466
20
713
992
997
261
448
864
833
854
765
427
958
40
678
31
476
254
93
120
335
712
432
191
894
61
508
109
686
11
168
858
365
426
735
580
523
600
122
861
440
25
433
876
112
990
661
669
346
312
501
142
493
236
880
623
191
292
699
587
582
414
491
660
831
273
860
347
793
64
403
409
457
918
279
567
809
904
318
565
869
921
863
144
74
678
420
246
420
879
882
312
499
989
866
662
66
128
667
675
220
735
776
200
686
785
708
507
387
325
428
266
485
906
667
711
996
500
107
601
173
332
721
547
532
953
777
275
389
25
321
601
225
73
184
559
843
867
395
183
850
39
963
511
263
518
910
589
401
93
333
94
714
357
915
522
989
363
315
337
231
943
314
975
294
973
145
719
800
990
464
58
514
903
327
178
948
100
237
564
646
76
667
462
101
517
977
682
935
351
799
969
572
678
369
68
432
7
535
332
347
555
760
109
330
574
335
836
202
804
820
107
732
102
352
484
717
989
327
151
644
869
831
271
479
469
847
248
727
666
689
256
357
877
754
104
403
178
641
785
436
546
980
570
344
102
47
278
923
255
752
830
910
672
118
199
466
890
908
259
800
82
10
869
577
180
643
947
713
453
63
269
978
997
571
388
830
222
736
990
660
190
60
38
994
860
916
866
507
279
948
840
43
940
696
220
787
766
285
611
770
784
654
988
425
742
659
725
796
128
639
72
509
142
194
334
980
60
912
553
924
260
479
392
922
398
801
621
863
223
577
358
568
994
585
39
578
230
26
94
243
908
381
995
978
837
904
269
713
516
496
134
333
737
480
606
746
613
627
716
906
367
813
246
207
197
215
498
875
80
902
89
924
309
978
542
62
762
121
200
922
436
141
275
44
504
569
462
291
234
295
235
254
21
533
298
555
831
946
957
164
619
30
175
943
597
336
979
571
266
145
595
233
22
29
927
810
761
596
658
66
845
101
871
762
836
552
289
645
9
272
579
696
550
24
213
131
960
117
897
65
235
20
904
248
422
228
109
260
467
680
21
701
941
308
558
623
738
799
936
613
282
593
3
749
961
484
705
664
694
910
679
391
141
360
348
945
105
801
663
181
250
527
434
707
869
941
512
689
148
394
810
540
300
172
317
53
824
245
426
119
854
149
545
100
257
866
945
696
166
84
176
351
819
840
254
404
261
682
193
547
515
324
323
434
915
643
456
827
398
371
841
266
964
206
746
3
532
977
638
996
98
215
929
650
777
713
119
61
384
852
938
644
761
16
141
880
21
744
178
572
781
706
574
223
141
817
859
527
505
767
47
163
698
850
553
505
685
54
793
583
970
452
741
358
432
177
53
438
412
270
33
369
793
613
451
522
640
239
330
356
219
356
55
713
262
492
561
503
727
984
539
26
731
202
166
468
109
358
176
694
143
578
468
349
722
584
464
675
9
536
108
158
855
750
334
812
725
953
242
832
636
243
488
26
144
389
704
66
990
214
547
993
464
491
822
225
107
266
466
319
124
116
162
923
137
4
751
360
35
598
340
400
276
599
26
848
890
246
302
487
969
553
212
635
637
205
258
795
624
652
831
493
511
876
278
1
24
890
855
414
851
901
492
412
596
743
677
242
537
440
309
668
42
386
758
620
997
691
888
211
669
983
852
122
812
915
873
554
81
656
856
812
665
405
718
400
246
282
650
541
442
291
201
580
468
651
131
549
530
739
335
598
72
563
364
948
476
763
117
178
747
137
976
857
722
816
53
111
622
420
27
524
988
384
180
366
671
474
910
799
342
927
340
3
172
686
309
817
362
227
103
175
377
613
939
904
11
403
276
693
352
641
74
33
295
310
325
311
349
833
388
880
760
250
431
993
841
108
698
391
341
475
573
581
24
527
42
720
325
417
696
232
417
641
420
366
805
557
428
392
888
860
420
694
392
682
629
709
897
367
964
456
198
25
314
957
257
859
824
838
396
912
607
796
493
368
914
463
303
87
972
192
208
932
427
491
341
416
671
336
955
812
147
728
726
36
480
296
841
919
443
703
276
350
747
3
525
268
580
889
906
169
120
927
128
970
293
154
100
182
632
794
553
4
79
313
750
922
942
686
684
284
49
13
504
489
647
804
887
658
467
733
695
483
843
512
666
480
433
301
8
65
428
599
98
8
201
807
300
909
119
454
671
670
275
746
718
479
835
658
156
741
459
892
953
269
59
322
256
868
649
366
168
351
955
409
387
562
969
426
575
420
733
907
128
695
978
16
815
595
341
892
686
891
336
265
234
526
420
399
665
339
783
280
815
601
883
302
676
968
414
898
683
676
274
792
395
993
769
787
648
921
965
292
843
156
496
670
718
489
573
942
519
351
227
172
138
909
47
519
966
311
719
392
5
213
374
374
925
332
444
60
672
938
198
57
784
255
384
246
29
618
241
391
292
821
180
82
752
777
724
180
803
730
665
103
217
754
741
888
453
694
867
465
955
727
642
879
282
970
319
844
918
689
521
964
963
195
895
658
224
540
141
633
763
831
395
130
772
577
638
794
835
349
533
471
434
497
667
773
281
262
899
60
954
283
915
719
651
991
726
144
124
757
610
14
27
606
354
419
200
976
733
764
966
544
94
244
424
630
526
19
665
891
129
37
94
872
517
72
418
478
817
96
731
446
672
297
71
341
26
889
730
569
948
388
327
322
238
908
211
660
901
710
352
881
391
347
422
184
259
11
102
73
438
870
364
679
728
24
215
212
258
340
625
381
562
879
394
8
484
296
598
67
900
102
916
894
726
969
960
714
454
872
128
912
114
582
96
601
648
897
552
153
874
233
919
957
619
272
929
550
418
372
484
565
735
517
385
129
525
284
396
23
184
676
1
693
243
917
232
663
733
40
302
521
608
399
638
690
686
379
153
846
469
558
76
901
184
920
665
183
62
92
456
649
49
794
409
331
408
753
145
46
801
442
108
629
951
339
395
504
804
754
770
626
325
41
722
558
925
888
881
532
190
592
515
939
592
99
39
991
130
42
677
721
377
219
433
176
353
218
741
755
163
444
450
227
617
475
79
56
403
255
710
257
284
520
302
526
16
80
972
349
752
17
364
337
253
437
208
475
948
942
447
62
799
111
30
651
596
252
466
872
577
664
193
172
190
857
931
647
201
767
55
461
372
673
994
144
862
773
313
970
953
11
842
736
340
381
75
776
683
459
508
617
458
299
491
560
104
682
889
35
63
721
676
733
122
64
113
909
73
662
972
254
910
433
52
916
210
772
728
645
459
194
263
267
492
22
868
606
308
190
348
539
549
323
295
873
27
504
644
904
273
501
518
545
458
752
991
213
569
633
218
460
213
519
218
945
830
285
608
504
887
75
490
670
786
601
109
70
526
777
152
562
801
159
367
199
346
496
319
271
981
836
890
244
641
674
997
651
493
681
46
296
356
292
736
695
189
287
611
470
923
702
893
472
7
369
468
345
502
510
531
618
580
615
76
388
827
419
220
130
291
79
763
617
526
740
44
674
919
353
358
817
158
927
452
712
674
987
37
154
283
600
615
958
18
25
346
63
319
818
374
854
924
987
389
642
135
801
67
288
962
62
438
757
938
73
861
208
832
423
937
321
274
858
49
184
865
682
442
892
346
966
500
901
791
525
521
282
182
656
188
682
710
444
378
346
139
344
231
989
724
367
386
788
908
639
219
167
382
64
168
283
297
24
298
43
310
687
184
731
703
107
381
778
118
732
991
365
749
700
533
369
173
658
796
290
352
44
968
665
807
255
613
621
684
9
849
626
649
357
795
732
861
999
376
345
745
282
810
658
588
699
953
605
673
536
293
358
920
939
199
796
93
442
624
934
657
127
171
312
365
904
446
716
946
159
699
627
904
970
106
584
726
384
589
299
68
278
628
947
345
413
632
532
312
220
227
943
80
145
741
712
387
563
213
762
819
76
661
389
412
897
626
890
644
161
465
254
885
98
102
278
650
746
464
214
615
627
405
244
368
19
522
603
780
109
253
301
285
481
410
479
731
715
590
617
268
777
931
70
831
193
479
41
19
529
285
220
31
624
235
421
225
71
283
55
376
633
687
989
500
123
185
817
853
282
183
455
688
270
99
16
786
820
786
248
430
177
139
651
738
449
669
660
992
30
267
381
964
340
96
205
444
59
256
56
973
891
276
788
967
200
586
529
137
88
964
932
182
816
276
835
357
267
1
727
365
372
990
132
279
922
383
444
808
38
141
472
857
366
125
697
152
615
960
125
790
114
550
36
659
930
155
491
893
177
449
648
310
556
523
872
962
255
321
416
778
523
234
248
265
975
515
160
668
8
805
55
183
516
280
992
130
151
924
295
395
58
743
330
400
943
818
623
572
323
284
830
609
616
833
880
235
616
412
596
530
106
820
353
832
246
850
11
639
13
804
877
332
253
387
53
513
219
170
897
799
382
183
234
575
152
328
305
139
607
585
522
773
964
250
520
862
469
180
329
974
19
307
791
385
630
354
735
803
491
854
840
430
34
518
729
281
323
223
411
953
851
110
114
56
706
778
29
249
154
712
912
609
452
881
282
267
20
75
514
460
410
426
103
23
825
223
324
479
171
996
895
831
283
205
741
593
96
883
408
598
241
932
913
25
592
370
876
125
903
249
919
837
600
513
206
966
627
529
799
379
909
221
86
658
699
450
608
607
582
916
181
47
980
786
961
556
568
346
199
204
162
452
169
699
142
432
716
245
993
6
427
592
645
136
442
575
872
305
139
285
657
648
706
418
125
922
319
404
971
757
138
538
457
362
642
430
482
134
600
509
842
597
982
822
675
572
351
895
619
135
647
633
730
263
831
530
347
333
558
200
26
898
317
663
430
801
736
144
426
216
210
371
747
536
393
98
285
852
491
205
768
92
588
612
85
566
318
805
865
849
764
358
103
119
301
289
270
998
804
711
935
166
123
956
261
748
310
390
315
973
999
541
895
525
891
318
231
392
736
528
847
420
378
796
487
880
235
847
906
510
350
881
834
258
837
976
293
117
934
163
938
769
427
765
107
764
949
739
112
215
311
677
446
4
473
660
568
641
440
456
425
907
587
17
534
146
193
341
982
221
847
558
94
377
8
935
815
517
359
484
386
298
531
64
824
422
328
306
460
759
2
248
17
781
475
441
542
484
310
859
190
384
440
149
789
267
613
454
968
902
451
25
220
194
610
866
800
858
979
389
946
56
545
601
629
258
723
153
497
917
457
319
850
170
700
814
774
912
773
259
664
130
871
358
291
26
744
333
327
878
462
975
817
697
599
282
443
273
855
339
962
685
191
453
470
971
989
260
527
538
404
515
404
229
780
674
166
760
21
446
432
715
570
660
424
404
805
280
48
800
162
974
343
264
138
331
207
400
241
407
254
980
482
264
953
160
791
656
222
387
375
895
432
819
181
230
940
51
820
753
260
969
908
758
944
572
926
533
44
424
897
750
878
647
829
609
932
256
664
826
132
758
354
239
213
216
143
382
725
287
259
43
773
60
270
737
445
338
231
824
500
370
389
572
818
347
308
917
816
384
499
485
813
415
75
179
785
92
744
875
411
275
433
536
356
921
182
509
182
96
68
758
549
414
92
935
591
407
849
280
550
43
703
780
311
183
835
587
602
191
39
254
816
47
369
107
906
173
881
124
975
324
661
617
954
773
945
496
115
402
820
671
793
957
141
925
659
629
755
133
111
140
61
138
269
432
478
785
789
53
535
180
859
151
628
310
499
613
158
673
264
876
53
780
536
832
271
699
956
995
87
284
147
39
925
522
610
752
262
500
472
154
757
785
815
810
192
200
245
812
406
522
902
441
230
240
231
214
253
182
455
162
566
36
263
447
383
248
465
328
406
751
582
750
572
104
340
785
344
224
427
427
767
329
440
5
919
712
894
448
643
828
891
705
823
87
821
724
512
18
190
896
940
266
50
440
192
355
674
935
392
715
998
35
686
129
944
84
399
79
337
771
217
2
214
1
228
257
775
211
200
89
468
694
817
635
183
989
163
963
738
65
299
626
28
954
577
943
858
68
295
837
209
546
854
78
671
178
604
358
199
705
156
813
92
109
726
160
977
62
808
294
557
170
395
144
851
749
428
20
968
702
494
3
806
992
280
602
691
203
41
679
455
152
989
526
837
618
197
53
939
874
726
597
376
253
616
260
471
262
780
955
452
854
627
701
285
465
280
276
936
969
326
551
583
622
295
378
535
248
927
202
368
190
63
461
98
736
517
817
405
314
19
513
898
411
172
988
685
252
749
921
682
650
707
58
364
280
45
12
982
14
725
452
18
692
695
472
348
52
365
844
264
792
161
276
272
27
245
811
3
753
607
696
617
221
985
865
578
467
152
732
230
677
618
369
823
956
943
506
638
27
640
670
500
296
808
292
577
715
668
443
237
688
662
256
530
854
211
471
931
398
249
273
731
971
546
29
356
130
167
667
995
56
29
726
443
159
594
167
939
982
129
551
851
701
396
212
958
309
567
780
880
73
585
871
260
445
787
56
212
918
111
417
800
569
996
563
624
897
632
927
715
364
426
14
131
338
455
721
290
375
406
702
228
615
225
321
187
369
300
589
786
102
652
206
457
804
936
559
925
290
117
905
866
29
495
558
868
628
902
879
538
582
645
254
858
643
524
27
470
369
942
481
343
595
46
915
710
452
662
792
722
717
653
587
274
120
200
387
942
588
62
209
970
422
521
704
49
533
396
844
63
872
720
875
929
325
793
556
782
606
320
317
529
569
229
872
972
76
569
439
224
732
247
255
23
727
315
429
686
421
262
498
252
213
256
561
767
689
183
264
226
890
850
795
712
188
860
995
671
967
849
834
316
734
939
871
338
205
620
870
30
564
923
232
665
170
59
403
763
580
221
168
450
711
700
193
669
928
182
466
640
61
745
824
386
569
18
382
775
892
756
700
871
320
803
107
292
743
323
601
409
877
548
369
444
880
718
89
934
172
989
876
103
211
658
844
367
672
256
116
431
292
303
417
216
224
858
66
53
598
205
782
539
814
731
33
794
876
270
444
252
648
826
15
269
908
537
135
399
258
5
885
865
661
110
676
339
98
298
935
978
335
981
898
539
486
778
38
770
301
574
221
930
251
382
888
113
940
406
625
475
63
347
807
780
363
864
599
64
762
917
577
291
508
351
633
153
223
188
519
211
937
932
848
416
457
534
376
748
849
600
265
842
26
178
84
413
30
221
720
553
866
783
815
822
939
313
874
994
106
338
92
386
120
784
999
302
68
967
997
570
994
732
657
872
387
519
981
783
434
350
459
20
672
743
572
40
982
452
224
650
271
832
425
131
291
816
232
76
877
74
546
946
187
863
762
198
364
406
706
901
234
476
871
858
930
626
313
967
415
562
517
335
191
191
978
302
495
505
707
476
416
974
988
974
727
390
504
921
184
22
912
684
899
564
366
286
133
852
529
378
557
758
29
140
552
456
523
475
730
110
259
715
124
952
500
771
393
9
982
325
431
171
456
687
565
564
997
281
842
792
263
750
475
174
603
523
625
678
772
651
813
85
300
847
834
695
833
776
950
348
373
216
345
41
981
258
853
176
925
436
512
887
788
884
37
732
91
705
566
608
770
408
911
678
45
900
503
733
248
771
461
105
761
890
553
606
176
68
96
936
214
885
370
680
814
319
922
982
491
164
195
569
219
750
662
384
843
488
209
556
118
167
870
527
156
800
225
368
225
329
28
105
650
697
99
13
431
162
394
487
152
831
778
236
780
300
379
268
670
269
752
661
88
631
829
598
739
741
874
389
863
398
67
770
405
270
213
691
219
806
420
367
369
797
452
292
871
793
561
254
503
330
453
120
776
854
393
206
763
548
241
492
553
438
441
365
58
326
41
863
196
660
769
129
257
836
161
555
255
783
791
525
812
360
433
653
605
676
790
309
565
115
565
698
197
394
575
317
792
509
35
282
344
360
106
410
770
97
955
611
445
275
38
209
754
515
666
815
369
32
819
973
320
748
902
160
531
559
692
623
718
693
662
313
71
812
67
567
452
388
795
352
299
592
407
787
848
310
951
312
883
924
158
167
943
253
996
244
547
38
868
624
157
158
654
75
472
66
832
732
901
136
826
121
277
17
148
342
160
506
331
162
861
202
506
401
118
351
169
321
429
592
343
997
875
138
158
404
398
651
881
362
629
608
337
980
708
265
550
383
634
387
568
750
988
500
519
511
848
767
113
875
961
550
156
654
997
931
445
292
145
84
305
637
197
167
970
728
867
765
73
471
471
853
987
37
358
331
509
661
508
824
393
769
866
722
389
782
588
725
926
609
504
110
766
35
223
681
428
398
158
933
344
511
619
602
789
767
416
853
430
85
297
174
421
3
808
792
668
117
401
931
972
957
6
944
277
419
168
673
677
449
993
115
216
350
804
245
443
365
34
124
594
853
898
798
101
893
573
235
367
352
870
162
930
30
263
598
93
553
276
573
165
746
266
791
573
720
691
700
543
238
689
64
111
586
599
567
785
144
891
489
210
896
878
560
456
812
268
910
325
514
860
157
453
945
816
774
934
95
756
98
255
554
326
863
246
35
57
295
829
446
295
837
106
83
913
142
346
498
850
457
331
11
457
13
467
682
81
920
360
153
269
79
435
498
475
271
107
967
344
335
775
138
263
749
589
700
741
472
274
641
539
138
452
366
649
872
127
989
556
265
477
754
738
164
685
623
593
354
914
542
261
532
702
392
611
124
966
436
923
381
323
237
461
833
386
788
722
962
142
471
447
545
550
366
246
896
171
849
110
345
995
509
407
903
939
98
527
265
178
651
34
796
753
872
998
626
733
639
381
604
226
143
46
497
459
157
349
179
803
531
829
103
710
280
641
467
50
200
683
501
820
825
939
749
449
477
718
119
817
711
128
346
808
52
405
560
248
297
108
590
651
955
127
314
735
676
752
497
930
888
543
750
60
922
105
980
952
664
278
608
910
368
886
153
904
789
847
239
89
256
513
917
343
29
769
237
677
90
694
528
757
291
736
636
2
766
731
702
440
77
667
768
727
839
491
843
843
45
651
727
786
601
283
494
727
205
240
328
98
875
999
753
718
871
493
820
499
718
355
138
584
163
125
281
161
156
90
197
307
563
980
790
246
125
63
659
401
423
402
594
498
397
937
948
496
191
182
690
310
26
675
145
800
667
737
348
520
895
642
752
301
420
593
855
334
728
760
865
836
899
281
246
561
995
86
321
292
819
782
646
410
745
147
403
891
310
564
263
962
855
14
394
706
662
109
904
687
484
6
476
471
339
642
497
375
701
171
341
435
139
400
447
995
860
251
635
378
627
233
908
729
535
554
705
730
325
523
166
550
588
918
11
674
321
858
188
350
774
211
526
250
982
605
808
762
726
153
586
572
38
351
310
625
690
28
301
146
38
103
431
987
765
320
234
349
550
152
433
233
176
371
462
242
22
752
770
468
404
109
7
910
521
182
84
602
949
392
171
193
440
196
517
864
598
51
199
229
141
136
530
590
253
729
728
269
464
205
706
156
339
657
800
830
84
360
969
261
386
548
997
469
52
762
65
510
923
616
529
535
725
143
513
965
510
482
694
965
663
911
215
365
898
848
623
384
626
795
335
780
39
640
244
481
352
731
980
860
973
971
564
76
383
629
1
921
203
681
518
276
441
337
731
299
346
437
410
309
82
145
767
764
398
524
519
251
466
640
595
936
750
836
238
231
723
82
539
683
520
820
518
297
64
324
106
227
442
881
555
436
73
288
381
983
780
331
449
57
939
828
182
769
822
504
942
101
866
309
65
560
481
744
802
466
246
275
942
526
365
247
689
537
77
610
709
528
245
263
64
830
703
880
213
733
519
889
863
148
874
859
159
193
134
359
647
125
369
948
430
640
801
514
719
855
297
113
711
622
537
554
657
444
781
762
787
540
473
55
824
876
726
182
132
415
253
537
507
483
5
919
296
142
85
85
590
870
887
390
677
56
614
677
229
506
723
220
18
262
367
370
580
334
555
437
382
294
788
375
993
141
193
692
260
789
658
396
544
207
203
888
470
615
650
488
392
62
610
587
891
485
975
72
870
32
149
656
54
425
126
82
647
543
17
212
623
795
804
671
672
634
464
445
309
677
724
250
979
514
956
945
469
837
95
479
389
257
964
792
215
418
183
147
585
8
676
363
572
414
292
206
60
141
890
916
336
168
701
614
764
399
494
486
186
784
225
158
195
719
255
424
62
948
344
708
889
570
351
962
826
810
266
43
17
280
455
386
596
116
574
608
208
890
407
219
665
179
546
481
619
8
53
660
630
398
62
887
156
750
884
677
273
291
251
298
413
248
751
814
989
383
257
503
390
972
912
399
772
962
647
991
246
89
338
215
46
610
275
408
521
784
169
732
866
846
97
805
243
275
656
513
553
815
618
957
349
619
929
701
656
385
259
593
526
13
535
177
593
124
305
772
271
780
339
448
17
649
184
224
469
850
155
359
486
771
490
446
752
564
864
895
504
27
74
298
318
153
717
568
576
295
450
398
286
716
994
822
359
875
197
451
177
993
422
639
231
429
697
954
259
651
51
580
453
622
116
959
941
10
604
593
786
515
516
753
186
795
419
712
624
988
40
549
520
184
354
670
983
32
525
700
916
112
297
269
191
977
896
801
9
523
551
310
907
972
407
620
4
364
55
397
915
411
116
593
113
109
720
494
940
701
448
399
381
37
115
192
601
403
78
312
761
865
911
981
63
51
424
935
830
989
853
324
283
106
985
421
808
604
456
816
426
208
444
342
575
97
250
757
265
535
933
280
918
825
3
149
111
41
719
410
829
388
93
612
631
711
198
243
657
221
52
251
686
796
417
393
944
339
687
273
706
342
504
114
930
496
409
869
87
305
254
833
249
699
790
447
970
92
19
836
218
448
806
884
136
842
200
50
947
834
974
209
522
629
493
367
489
85
630
712
748
571
422
441
376
980
762
562
651
316
762
725
208
753
240
196
295
462
19
738
509
234
668
479
264
66
988
280
143
379
398
972
684
352
567
827
804
970
960
92
507
370
502
563
85
603
753
10
570
485
267
234
942
799
175
421
286
177
600
562
643
777
618
918
466
563
263
919
552
969
164
753
69
981
345
516
317
397
686
424
49
865
710
721
720
937
22
828
155
570
985
567
920
890
492
712
57
861
241
215
681
383
159
416
213
706
584
28
844
547
900
409
1
253
985
411
60
267
685
915
880
814
523
970
608
745
47
787
272
474
258
898
614
616
412
965
615
293
365
331
304
600
214
893
730
32
542
619
149
448
371
947
253
720
497
887
440
896
130
808
184
985
660
632
537
959
975
112
228
652
992
911
859
702
151
399
664
730
909
484
793
742
637
520
270
257
326
81
645
445
516
190
932
368
21
141
18
805
521
914
306
255
439
376
297
227
142
633
907
739
388
363
733
8
928
304
533
601
899
164
703
211
914
734
862
533
540
93
613
940
828
386
679
658
905
305
100
59
97
875
624
78
912
596
724
768
130
707
146
706
412
449
535
501
23
833
878
337
470
162
566
269
608
705
69
679
981
553
177
666
542
505
305
583
963
822
548
972
623
456
184
698
604
209
832
334
476
914
968
555
216
695
192
235
434
155
889
25
652
935
708
246
962
923
301
416
748
498
666
206
168
166
131
350
397
794
732
974
30
677
667
583
760
705
928
285
564
95
174
329
495
17
425
242
301
753
60
855
838
189
895
627
634
955
292
193
111
323
438
520
518
516
751
153
224
784
506
864
628
743
254
743
557
122
552
30
625
22
417
948
401
306
980
939
819
681
912
5
582
417
576
490
280
301
906
894
696
441
493
243
907
125
854
63
768
94
125
162
951
962
750
65
306
581
986
224
596
236
604
743
57
418
393
677
760
808
471
907
937
956
495
792
275
34
859
153
964
751
405
103
607
411
275
958
972
966
112
674
120
550
829
450
370
578
767
41
992
816
754
200
277
357
996
989
986
832
545
128
28
381
342
7
830
802
32
469
604
592
174
617
823
363
209
501
815
417
553
182
144
431
56
720
266
188
75
494
598
301
837
216
544
766
608
211
55
235
790
482
793
546
823
504
945
817
431
758
207
451
593
714
791
33
969
240
561
716
901
852
691
143
263
504
719
691
152
724
352
834
514
340
560
544
52
580
990
885
175
440
978
576
491
896
974
370
911
393
309
603
967
159
333
632
77
803
432
200
670
405
589
391
483
391
370
459
819
543
689
647
665
163
472
481
325
45
212
372
955
553
390
879
342
578
625
1
998
807
397
918
804
681
238
74
125
271
31
427
952
957
443
805
390
601
710
202
630
609
657
321
515
619
304
471
291
628
21
962
347
218
383
269
543
923
837
105
572
778
259
117
812
712
789
358
390
836
341
606
663
405
429
811
858
380
21
783
437
799
561
362
470
287
23
584
311
34
43
503
801
366
816
456
539
512
644
506
89
400
556
296
833
332
70
578
133
611
369
819
116
102
196
7
815
54
544
282
552
328
481
521
130
334
80
753
499
292
595
322
756
336
783
848
764
103
322
870
696
374
314
254
262
408
195
935
811
132
436
990
142
992
385
961
228
749
984
210
180
987
525
462
78
956
54
983
782
407
320
276
591
500
792
150
754
350
895
468
15
820
203
546
970
672
911
288
593
421
2
964
639
435
276
86
902
270
768
236
869
747
979
644
143
26
544
873
209
330
818
178
92
780
476
848
357
996
988
703
954
47
711
721
692
848
515
107
764
775
750
345
472
683
658
883
423
6
896
798
144
260
784
737
872
982
76
380
935
999
764
776
816
749
965
19
434
78
171
954
641
516
917
60
203
174
960
674
363
323
753
165
385
302
380
942
707
73
83
49
645
209
762
634
478
967
787
906
759
67
417
865
468
76
557
846
825
692
409
219
827
772
549
897
28
603
180
854
997
616
444
447
277
590
649
491
313
184
68
966
968
530
773
646
816
113
153
903
245
202
700
212
928
203
373
912
381
156
452
856
598
874
72
351
123
825
503
98
805
310
167
817
736
971
25
955
752
819
999
976
675
51
484
242
558
767
786
822
701
258
547
819
64
462
18
461
69
48
85
566
538
639
276
956
103
496
694
736
520
249
505
997
731
689
253
353
474
67
676
64
659
124
275
221
780
345
24
707
104
222
112
985
92
808
189
580
637
771
496
322
675
568
162
1
271
947
933
491
736
436
419
212
69
885
197
284
439
119
104
906
96
982
520
920
614
392
971
393
42
114
416
353
44
305
736
262
597
120
10
244
283
26
284
496
249
988
904
391
291
828
130
184
427
442
476
123
118
939
703
151
905
9
790
497
41
376
870
857
821
6
552
517
605
305
273
686
470
428
695
869
529
332
35
199
812
573
475
257
410
979
844
93
135
47
182
24
568
645
548
294
50
870
495
218
747
788
69
517
947
536
404
951
482
417
53
240
145
591
446
778
806
411
524
107
742
705
553
723
698
657
368
741
899
45
153
864
848
370
761
569
494
872
791
410
565
450
766
332
805
248
387
341
17
408
837
988
152
738
509
943
879
626
394
266
186
93
542
668
241
276
441
769
7
577
857
433
874
346
507
607
601
470
968
31
44
44
484
753
251
213
75
946
920
48
748
231
989
149
332
894
557
983
96
915
801
661
545
766
300
821
329
939
363
757
909
185
399
477
222
624
714
2
175
484
308
921
478
916
391
128
160
333
621
40
225
256
317
677
305
155
777
806
349
348
764
246
517
488
38
755
434
238
309
738
967
334
687
52
838
59
239
347
745
303
269
26
91
988
274
19
945
831
62
3
59
864
990
254
843
911
396
51
929
433
916
969
178
925
94
745
742
455
194
129
650
609
280
861
28
592
707
263
891
418
812
931
754
991
286
557
862
287
187
432
202
17
773
51
565
738
513
700
390
156
344
965
320
710
852
536
191
54
627
859
712
136
307
979
387
134
30
656
741
897
87
861
220
837
803
305
834
58
818
884
359
145
937
841
787
180
774
462
508
569
119
617
252
240
7
836
616
730
904
774
4
878
214
736
708
261
997
561
618
285
77
846
546
976
848
246
576
490
608
223
592
985
576
802
859
358
626
336
897
95
938
253
785
8
158
975
845
670
344
923
59
279
142
18
772
627
560
317
62
862
246
575
899
199
714
266
501
777
883
256
714
574
398
581
521
536
552
184
181
901
340
847
546
532
526
778
966
77
833
599
708
291
926
178
455
762
700
386
736
48
235
568
593
219
233
253
673
550
310
315
814
144
63
319
393
652
300
193
68
306
186
787
640
225
95
9
441
641
815
924
743
5
465
263
352
893
853
620
883
144
671
656
636
174
474
4
343
598
227
165
24
839
740
456
412
542
634
382
563
12
921
857
784
564
917
47
97
714
467
748
99
721
560
34
556
182
437
460
958
796
11
498
803
775
349
76
659
439
369
822
853
364
388
378
940
673
316
71
903
342
128
433
330
49
38
153
208
794
154
471
266
182
532
741
690
716
45
752
595
646
990
766
445
617
601
121
99
132
740
842
960
244
10
958
100
263
203
435
837
631
413
410
652
76
915
579
682
207
364
30
572
338
76
730
912
965
527
238
411
382
329
166
184
929
902
433
69
257
114
298
37
363
373
620
958
906
24
233
842
256
588
222
256
758
132
824
149
579
711
910
368
894
575
74
32
852
410
685
677
309
221
778
957
692
546
100
921
421
547
892
211
802
547
637
747
228
78
57
237
681
714
204
272
128
71
772
238
963
856
802
202
304
609
690
834
281
985
141
24
261
834
324
181
302
118
378
694
397
91
599
129
413
215
554
297
905
398
74
704
590
1
697
648
239
812
692
409
557
473
181
824
253
370
931
858
462
995
49
21
733
187
860
731
259
671
114
607
967
176
154
354
255
716
637
448
44
202
961
728
237
254
408
899
949
450
252
302
723
277
139
284
772
295
159
396
83
588
439
402
285
678
495
660
104
550
863
36
859
942
774
500
8
226
397
567
359
162
574
225
543
813
80
640
855
715
200
642
788
830
518
924
760
826
632
23
234
704
561
316
54
451
397
924
673
967
405
752
199
538
10
213
192
267
681
509
687
482
81
5
939
909
183
25
779
623
499
399
292
50
199
395
93
513
976
283
736
988
400
230
815
757
395
557
624
281
138
723
944
219
858
796
413
236
443
57
366
652
639
406
336
16
747
159
945
593
635
537
218
47
842
959
228
954
133
782
595
666
46
661
303
36
231
877
571
19
32
867
653
359
985
55
16
846
880
296
625
429
750
155
708
857
181
171
189
356
855
564
581
656
462
782
54
930
667
808
784
980
839
922
499
903
461
963
430
976
550
994
293
61
637
142
503
162
634
409
641
253
271
906
606
969
806
921
636
950
910
239
824
240
75
918
418
122
994
527
24
214
9
736
516
69
601
490
277
801
441
876
932
179
174
361
487
9
557
840
810
326
401
549
691
914
300
113
273
925
839
622
914
183
732
468
671
297
312
49
850
682
964
509
515
162
786
588
369
15
591
533
626
470
628
129
797
684
364
380
290
553
439
831
29
62
150
378
541
614
411
126
368
982
557
663
802
603
61
343
429
733
474
631
936
271
366
6
661
968
858
161
686
437
106
990
877
761
322
993
655
734
645
178
729
45
362
356
53
299
185
357
202
739
542
372
275
992
200
